1,78156
2,121885
3,110724
4,107869
5,113288
6,116152
7,113185
8,118882
9,117443
10,120009
11,115955
12,115578
13,115282
14,112968
15,114529
16,112501
17,111159
18,108404
19,108192
20,111329
21,113254
22,111607
23,111165
24,110434
25,111453
26,111690
27,110573
28,110852
29,110668
30,110553
31,109600
32,109188
33,108378
34,107634
35,108984
36,110100
37,111834
38,110971
39,110158
40,109669
41,109836
42,111075
43,111919
44,112516
45,113341
46,112121
47,110942
48,111113
49,110338
50,110925
51,110339
52,110821
53,111983
54,111779
55,110839
56,110738
57,111551
58,111763
59,110967
60,110012
61,110722
62,111477
63,112027
64,112644
65,112584
66,113214
67,113041
68,112453
69,112481
70,112729
71,112937
72,112272
73,112686
74,113072
75,113142
76,112668
77,112720
78,113731
79,113664
80,113487
81,113795
82,113494
83,113466
84,113679
85,113745
86,113861
87,113997
88,114209
89,113842
90,113906
91,113427
92,113460
93,113133
94,113097
95,113261
96,112979
97,113533
98,113524
99,113376
100,113878
101,114318
102,114021
103,114082
104,114338
105,114680
106,114806
107,114329
108,114309
109,114424
110,114838
111,114597
112,114847
113,114635
114,114641
115,115013
116,114471
117,114302
118,114556
119,114714
120,114166
121,114308
122,114272
123,114075
124,114460
125,114362
126,114557
127,114478
128,114677
129,114662
130,114397
131,114128
132,114235
133,114086
134,113905
135,113811
136,113882
137,114078
138,114555
139,115166
140,115386
141,115854
142,115547
143,116012
144,116422
145,116003
146,116210
147,115995
148,115571
149,115829
150,115647
151,115882
152,116295
153,116660
154,116664
155,116343
156,116414
157,116254
158,115844
159,115692
160,115533
161,115704
162,116212
163,116220
164,116428
165,116694
166,116886
167,116761
168,116796
169,116725
170,116923
171,116725
172,116549
173,116528
174,116740
175,116638
176,116644
177,116829
178,116817
179,116971
180,117054
181,117006
182,116751
183,116746
184,116806
185,116753
186,116980
187,117157
188,117429
189,117521
190,117509
191,117672
192,117566
193,117271
194,117256
195,117093
196,117037
197,117005
198,116960
199,117041
200,116816
201,117015
202,116893
203,117074
204,116969
205,117149
206,117008
207,116904
208,116726
209,116867
210,117008
211,116828
212,116706
213,116564
214,116387
215,116152
216,116303
217,116590
218,116757
219,117080
220,117164
221,117358
222,117221
223,116867
224,116711
225,116944
226,116692
227,116564
228,116708
229,116680
230,116634
231,116549
232,116569
233,116719
234,116571
235,116513
236,116758
237,116784
238,116849
239,116999
240,117046
241,117211
242,117292
243,117234
244,117457
245,117529
246,117708
247,117583
248,117403
249,117451
250,117361
251,117463
252,117356
253,117522
254,117316
255,117498
256,117318
257,117273
258,117094
259,117055
260,117004
261,116987
262,117019
263,117136
264,117179
265,117286
266,117256
267,117302
268,117058
269,116964
270,116978
271,116973
272,116956
273,116846
274,116913
275,116798
276,116653
277,116740
278,116644
279,116579
280,116573
281,116679
282,116711
283,116744
284,116828
285,116899
286,117054
287,116910
288,116704
289,116758
290,116804
291,116764
292,116967
293,116906
294,116672
295,116887
296,116709
297,116807
298,116860
299,116836
300,116582
301,116654
302,116784
303,116767
304,116725
305,116582
306,116563
307,116581
308,116717
309,116701
310,116643
311,116774
312,116772
313,116752
314,116752
315,116688
316,116576
317,116555
318,116402
319,116397
320,116287
321,116102
322,116036
323,116112
324,116053
325,115985
326,115873
327,115766
328,115688
329,115639
330,115434
331,115521
332,115530
333,115463
334,115542
335,115623
336,115687
337,115491
338,115555
339,115624
340,115578
341,115418
342,115531
343,115501
344,115573
345,115588
346,115503
347,115404
348,115212
349,115099
350,115058
351,115198
352,115385
353,115488
354,115381
355,115366
356,115330
357,115301
358,115226
359,115241
360,115305
361,115234
362,115179
363,115163
364,115249
365,115405
366,115363
367,115383
368,115336
369,115303
370,115237
371,115365
372,115405
373,115388
374,115432
375,115370
376,115380
377,115403
378,115526
379,115362
380,115491
381,115338
382,115449
383,115485
384,115306
385,115326
386,115303
387,115244
388,115219
389,115397
390,115397
391,115352
392,115237
393,115089
394,114939
395,115009
396,115024
397,115030
398,114937
399,115073
400,115207
401,115322
402,115312
403,115416
404,115373
405,115378
406,115353
407,115233
408,115326
409,115290
410,115251
411,115146
412,115090
413,115053
414,115078
415,115090
416,115116
417,115026
418,115103
419,115186
420,115088
421,115006
422,114903
423,114935
424,115083
425,115011
426,115006
427,114906
428,114880
429,114903
430,114847
431,114896
432,114855
433,114877
434,114800
435,114827
436,114855
437,114890
438,114851
439,114910
440,114991
441,114906
442,114891
443,114844
444,114854
445,114811
446,114659
447,114687
448,114650
449,114672
450,114669
451,114764
452,114773
453,114765
454,114826
455,114786
456,114937
457,114934
458,114839
459,114882
460,114896
461,115073
462,115059
463,115007
464,114970
465,115090
466,115089
467,115020
468,115019
469,114993
470,114900
471,114797
472,114713
473,114750
474,114795
475,114784
476,114765
477,114856
478,114768
479,114649
480,114614
481,114722
482,114840
483,114965
484,114991
485,114849
486,114905
487,114874
488,114777
489,114798
490,114941
491,115000
492,114901
493,114987
494,114929
495,114912
496,114924
497,114986
498,114953
499,114941
500,114969
501,114877
502,114910
503,114926
504,114908
505,114939
506,114840
507,114798
508,114649
509,114565
510,114659
511,114594
512,114592
513,114598
514,114776
515,114839
516,114766
517,114727
518,114772
519,114869
520,114979
521,115009
522,114971
523,115026
524,115175
525,115195
526,115131
527,115163
528,115165
529,115112
530,115019
531,115158
532,115098
533,115054
534,114941
535,114862
536,114909
537,114882
538,114885
539,114831
540,114833
541,114792
542,114730
543,114707
544,114804
545,114767
546,114817
547,114714
548,114700
549,114708
550,114641
551,114575
552,114580
553,114554
554,114647
555,114585
556,114605
557,114535
558,114468
559,114506
560,114485
561,114465
562,114454
563,114507
564,114443
565,114342
566,114424
567,114413
568,114505
569,114453
570,114519
571,114519
572,114521
573,114523
574,114507
575,114393
576,114424
577,114476
578,114409
579,114399
580,114469
581,114465
582,114532
583,114445
584,114444
585,114376
586,114372
587,114388
588,114437
589,114466
590,114453
591,114487
592,114474
593,114459
594,114385
595,114363
596,114295
597,114317
598,114324
599,114298
600,114299
601,114294
602,114266
603,114124
604,114139
605,114107
606,114036
607,114077
608,114067
609,114094
610,114044
611,114044
612,113958
613,113978
614,113914
615,113974
616,113944
617,113969
618,113919
619,113947
620,114006
621,113906
622,113953
623,113926
624,113983
625,113912
626,113916
627,113913
628,114004
629,113922
630,113963
631,113944
632,113954
633,114003
634,113983
635,113919
636,113870
637,113921
638,113939
639,113902
640,113865
641,113888
642,113930
643,113900
644,113843
645,113854
646,113891
647,113814
648,113776
649,113743
650,113767
651,113778
652,113828
653,113819
654,113806
655,113902
656,113847
657,113783
658,113843
659,113876
660,113809
661,113827
662,113796
663,113810
664,113727
665,113687
666,113678
667,113698
668,113704
669,113648
670,113637
671,113639
672,113671
673,113707
674,113697
675,113762
676,113685
677,113708
678,113686
679,113643
680,113612
681,113593
682,113589
683,113563
684,113523
685,113483
686,113500
687,113560
688,113526
689,113578
690,113563
691,113526
692,113427
693,113498
694,113460
695,113416
696,113402
697,113337
698,113364
699,113344
700,113431
701,113434
702,113468
703,113470
704,113544
705,113540
706,113495
707,113495
708,113510
709,113485
710,113464
711,113540
712,113583
713,113596
714,113541
715,113549
716,113691
717,113622
718,113589
719,113645
720,113617
721,113591
722,113633
723,113574
724,113537
725,113616
726,113649
727,113618
728,113634
729,113691
730,113735
731,113758
732,113734
733,113751
734,113726
735,113786
736,113744
737,113721
738,113751
739,113771
740,113755
741,113672
742,113700
743,113675
744,113652
745,113647
746,113681
747,113649
748,113633
749,113594
750,113606
751,113621
752,113535
753,113611
754,113624
755,113534
756,113498
757,113457
758,113415
759,113350
760,113264
761,113241
762,113285
763,113347
764,113305
765,113311
766,113305
767,113361
768,113334
769,113339
770,113349
771,113352
772,113313
773,113343
774,113337
775,113390
776,113344
777,113298
778,113323
779,113383
780,113408
781,113435
782,113469
783,113395
784,113408
785,113384
786,113425
787,113376
788,113385
789,113406
790,113360
791,113313
792,113296
793,113299
794,113334
795,113411
796,113326
797,113290
798,113244
799,113260
800,113276
801,113271
802,113223
803,113250
804,113169
805,113207
806,113219
807,113203
808,113181
809,113243
810,113318
811,113322
812,113321
813,113236
814,113246
815,113192
816,113137
817,113147
818,113083
819,113105
820,113125
821,113146
822,113082
823,113067
824,113141
825,113134
826,113136
827,113141
828,113144
829,113180
830,113218
831,113198
832,113225
833,113247
834,113246
835,113294
836,113304
837,113279
838,113273
839,113215
840,113161
841,113142
842,113201
843,113174
844,113189
845,113084
846,113089
847,113102
848,113106
849,113115
850,113139
851,113157
852,113194
853,113190
854,113285
855,113257
856,113324
857,113380
858,113365
859,113420
860,113423
861,113428
862,113481
863,113476
864,113505
865,113467
866,113502
867,113483
868,113506
869,113520
870,113512
871,113459
872,113477
873,113530
874,113584
875,113609
876,113591
877,113630
878,113652
879,113688
880,113698
881,113659
882,113670
883,113733
884,113756
885,113682
886,113715
887,113695
888,113673
889,113609
890,113629
891,113604
892,113614
893,113569
894,113547
895,113504
896,113507
897,113490
898,113471
899,113425
900,113464
901,113481
902,113548
903,113556
904,113585
905,113606
906,113561
907,113492
908,113474
909,113488
910,113427
911,113382
912,113333
913,113356
914,113314
915,113335
916,113267
917,113261
918,113267
919,113247
920,113216
921,113234
922,113208
923,113172
924,113180
925,113190
926,113151
927,113176
928,113196
929,113158
930,113181
931,113166
932,113176
933,113175
934,113210
935,113250
936,113258
937,113247
938,113243
939,113258
940,113249
941,113207
942,113216
943,113236
944,113262
945,113262
946,113240
947,113259
948,113239
949,113273
950,113276
951,113254
952,113282
953,113276
954,113255
955,113185
956,113190
957,113219
958,113177
959,113181
960,113160
961,113165
962,113146
963,113136
964,113104
965,113129
966,113144
967,113123
968,113104
969,113122
970,113102
971,113026
972,113027
973,113031
974,113058
975,113040
976,113059
977,112993
978,113008
979,112978
980,113044
981,113049
982,113034
983,113037
984,113023
985,113047
986,113088
987,113112
988,113153
989,113184
990,113184
991,113202
992,113204
993,113230
994,113253
995,113269
996,113259
997,113236
998,113236
999,113263
1000,113289
1001,113279
1002,113240
1003,113252
1004,113200
1005,113200
1006,113227
1007,113331
1008,113318
1009,113316
1010,113271
1011,113251
1012,113291
1013,113322
1014,113286
1015,113313
1016,113347
1017,113354
1018,113388
1019,113380
1020,113391
1021,113377
1022,113326
1023,113371
1024,113355
1025,113387
1026,113387
1027,113349
1028,113381
1029,113365
1030,113409
1031,113413
1032,113378
1033,113391
1034,113421
1035,113365
1036,113380
1037,113351
1038,113324
1039,113290
1040,113274
1041,113249
1042,113310
1043,113338
1044,113347
1045,113350
1046,113398
1047,113391
1048,113387
1049,113394
1050,113398
1051,113408
1052,113399
1053,113400
1054,113418
1055,113399
1056,113378
1057,113382
1058,113367
1059,113377
1060,113381
1061,113401
1062,113428
1063,113404
1064,113466
1065,113501
1066,113486
1067,113493
1068,113517
1069,113503
1070,113467
1071,113505
1072,113483
1073,113438
1074,113453
1075,113403
1076,113403
1077,113369
1078,113407
1079,113398
1080,113403
1081,113468
1082,113424
1083,113409
1084,113374
1085,113337
1086,113384
1087,113401
1088,113450
1089,113468
1090,113463
1091,113411
1092,113410
1093,113380
1094,113360
1095,113317
1096,113293
1097,113278
1098,113278
1099,113247
1100,113228
1101,113232
1102,113232
1103,113201
1104,113208
1105,113166
1106,113153
1107,113101
1108,113132
1109,113105
1110,113068
1111,113045
1112,113043
1113,113039
1114,113051
1115,113054
1116,113074
1117,113033
1118,113008
1119,113014
1120,112975
1121,112982
1122,112950
1123,112951
1124,112933
1125,112954
1126,112898
1127,112861
1128,112876
1129,112888
1130,112881
1131,112877
1132,112892
1133,112854
1134,112923
1135,112932
1136,112959
1137,112966
1138,113006
1139,113026
1140,113035
1141,113032
1142,113038
1143,113061
1144,113083
1145,113074
1146,113076
1147,113088
1148,113087
1149,113064
1150,113097
1151,113104
1152,113114
1153,113147
1154,113174
1155,113138
1156,113207
1157,113162
1158,113163
1159,113218
1160,113263
1161,113253
1162,113267
1163,113279
1164,113284
1165,113255
1166,113240
1167,113204
1168,113165
1169,113147
1170,113141
1171,113140
1172,113140
1173,113144
1174,113130
1175,113105
1176,113121
1177,113113
1178,113084
1179,113093
1180,113143
1181,113130
1182,113153
1183,113143
1184,113154
1185,113189
1186,113243
1187,113223
1188,113190
1189,113146
1190,113133
1191,113157
1192,113175
1193,113173
1194,113173
1195,113155
1196,113160
1197,113221
1198,113211
1199,113253
1200,113228
1201,113257
1202,113285
1203,113306
1204,113307
1205,113348
1206,113328
1207,113319
1208,113345
1209,113339
1210,113345
1211,113371
1212,113369
1213,113312
1214,113307
1215,113360
1216,113386
1217,113399
1218,113384
1219,113368
1220,113351
1221,113357
1222,113433
1223,113486
1224,113498
1225,113496
1226,113535
1227,113495
1228,113533
1229,113549
1230,113589
1231,113619
1232,113598
1233,113619
1234,113593
1235,113606
1236,113574
1237,113572
1238,113530
1239,113538
1240,113559
1241,113586
1242,113598
1243,113605
1244,113566
1245,113624
1246,113587
1247,113613
1248,113614
1249,113572
1250,113578
1251,113556
1252,113556
1253,113583
1254,113609
1255,113555
1256,113592
1257,113604
1258,113604
1259,113661
1260,113628
1261,113631
1262,113622
1263,113653
1264,113638
1265,113670
1266,113686
1267,113696
1268,113684
1269,113663
1270,113691
1271,113704
1272,113667
1273,113667
1274,113679
1275,113651
1276,113615
1277,113601
1278,113655
1279,113655
1280,113653
1281,113638
1282,113627
1283,113567
1284,113546
1285,113561
1286,113592
1287,113549
1288,113498
1289,113443
1290,113436
1291,113412
1292,113451
1293,113457
1294,113422
1295,113411
1296,113424
1297,113434
1298,113436
1299,113463
1300,113498
1301,113546
1302,113579
1303,113556
1304,113520
1305,113487
1306,113482
1307,113505
1308,113518
1309,113551
1310,113561
1311,113512
1312,113517
1313,113509
1314,113453
1315,113442
1316,113416
1317,113380
1318,113406
1319,113380
1320,113372
1321,113350
1322,113355
1323,113337
1324,113334
1325,113323
1326,113287
1327,113335
1328,113331
1329,113319
1330,113316
1331,113304
1332,113295
1333,113321
1334,113306
1335,113318
1336,113304
1337,113319
1338,113315
1339,113340
1340,113326
1341,113318
1342,113322
1343,113352
1344,113336
1345,113328
1346,113341
1347,113308
1348,113335
1349,113341
1350,113324
1351,113344
1352,113317
1353,113272
1354,113267
1355,113310
1356,113330
1357,113324
1358,113309
1359,113274
1360,113273
1361,113282
1362,113287
1363,113254
1364,113233
1365,113232
1366,113210
1367,113211
1368,113217
1369,113201
1370,113195
1371,113233
1372,113220
1373,113249
1374,113257
1375,113257
1376,113245
1377,113222
1378,113220
1379,113229
1380,113244
1381,113269
1382,113326
1383,113323
1384,113320
1385,113333
1386,113302
1387,113287
1388,113261
1389,113248
1390,113250
1391,113255
1392,113245
1393,113246
1394,113261
1395,113247
1396,113225
1397,113229
1398,113210
1399,113222
1400,113226
1401,113196
1402,113191
1403,113201
1404,113199
1405,113241
1406,113221
1407,113186
1408,113153
1409,113112
1410,113092
1411,113109
1412,113084
1413,113095
1414,113070
1415,113101
1416,113085
1417,113107
1418,113135
1419,113162
1420,113170
1421,113207
1422,113191
1423,113188
1424,113186
1425,113204
1426,113190
1427,113202
1428,113206
1429,113201
1430,113223
1431,113233
1432,113188
1433,113158
1434,113164
1435,113135
1436,113113
1437,113076
1438,113104
1439,113098
1440,113112
1441,113088
1442,113072
1443,113081
1444,113090
1445,113120
1446,113121
1447,113084
1448,113104
1449,113107
1450,113093
1451,113083
1452,113078
1453,113067
1454,113071
1455,113048
1456,113088
1457,113060
1458,113112
1459,113126
1460,113103
1461,113059
1462,113066
1463,113098
1464,113086
1465,113071
1466,113070
1467,113049
1468,113086
1469,113094
1470,113063
1471,113115
1472,113077
1473,113044
1474,113018
1475,113035
1476,113028
1477,113038
1478,113008
1479,112971
1480,113001
1481,112987
1482,112944
1483,112953
1484,112956
1485,112927
1486,112955
1487,112929
1488,112929
1489,112948
1490,112923
1491,112929
1492,112908
1493,112937
1494,112932
1495,112935
1496,112949
1497,112915
1498,112885
1499,112876
1500,112888
1501,112883
1502,112841
1503,112849
1504,112864
1505,112818
1506,112848
1507,112847
1508,112859
1509,112846
1510,112836
1511,112847
1512,112877
1513,112883
1514,112848
1515,112858
1516,112860
1517,112837
1518,112793
1519,112771
1520,112753
1521,112739
1522,112782
1523,112791
1524,112784
1525,112761
1526,112742
1527,112735
1528,112705
1529,112755
1530,112759
1531,112762
1532,112784
1533,112787
1534,112770
1535,112809
1536,112797
1537,112831
1538,112846
1539,112835
1540,112850
1541,112828
1542,112854
1543,112846
1544,112847
1545,112806
1546,112794
1547,112828
1548,112838
1549,112865
1550,112884
1551,112882
1552,112899
1553,112905
1554,112906
1555,112922
1556,112912
1557,112920
1558,112915
1559,112939
1560,112908
1561,112897
1562,112895
1563,112898
1564,112920
1565,112918
1566,112871
1567,112896
1568,112879
1569,112891
1570,112923
1571,112891
1572,112867
1573,112873
1574,112866
1575,112889
1576,112885
1577,112852
1578,112861
1579,112867
1580,112869
1581,112887
1582,112902
1583,112892
1584,112885
1585,112887
1586,112892
1587,112932
1588,112896
1589,112908
1590,112860
1591,112869
1592,112899
1593,112899
1594,112854
1595,112808
1596,112803
1597,112799
1598,112773
1599,112770
1600,112741
1601,112743
1602,112750
1603,112763
1604,112771
1605,112777
1606,112776
1607,112737
1608,112739
1609,112761
1610,112742
1611,112710
1612,112687
1613,112693
1614,112666
1615,112667
1616,112694
1617,112679
1618,112671
1619,112682
1620,112705
1621,112713
1622,112711
1623,112704
1624,112735
1625,112729
1626,112726
1627,112731
1628,112709
1629,112675
1630,112687
1631,112694
1632,112701
1633,112734
1634,112726
1635,112691
1636,112708
1637,112689
1638,112697
1639,112685
1640,112738
1641,112721
1642,112709
1643,112731
1644,112732
1645,112723
1646,112729
1647,112748
1648,112783
1649,112812
1650,112779
1651,112801
1652,112813
1653,112828
1654,112815
1655,112799
1656,112770
1657,112794
1658,112803
1659,112787
1660,112822
1661,112821
1662,112824
1663,112830
1664,112805
1665,112826
1666,112838
1667,112841
1668,112850
1669,112842
1670,112816
1671,112822
1672,112787
1673,112760
1674,112769
1675,112756
1676,112718
1677,112675
1678,112712
1679,112714
1680,112714
1681,112720
1682,112749
1683,112724
1684,112677
1685,112708
1686,112726
1687,112692
1688,112671
1689,112641
1690,112680
1691,112708
1692,112691
1693,112684
1694,112691
1695,112700
1696,112734
1697,112767
1698,112795
1699,112800
1700,112804
1701,112781
1702,112780
1703,112760
1704,112747
1705,112729
1706,112738
1707,112740
1708,112739
1709,112723
1710,112711
1711,112680
1712,112657
1713,112693
1714,112693
1715,112709
1716,112701
1717,112708
1718,112702
1719,112705
1720,112700
1721,112669
1722,112668
1723,112700
1724,112684
1725,112709
1726,112736
1727,112737
1728,112757
1729,112766
1730,112755
1731,112742
1732,112737
1733,112722
1734,112718
1735,112665
1736,112654
1737,112661
1738,112668
1739,112695
1740,112698
1741,112687
1742,112684
1743,112664
1744,112674
1745,112654
1746,112641
1747,112675
1748,112698
1749,112695
1750,112657
1751,112679
1752,112707
1753,112671
1754,112663
1755,112661
1756,112679
1757,112668
1758,112676
1759,112687
1760,112707
1761,112714
1762,112717
1763,112705
1764,112734
1765,112738
1766,112732
1767,112770
1768,112745
1769,112749
1770,112765
1771,112771
1772,112808
1773,112791
1774,112785
1775,112795
1776,112755
1777,112800
1778,112781
1779,112802
1780,112779
1781,112767
1782,112803
1783,112796
1784,112785
1785,112788
1786,112824
1787,112806
1788,112801
1789,112817
1790,112820
1791,112817
1792,112793
1793,112781
1794,112766
1795,112796
1796,112820
1797,112818
1798,112789
1799,112780
1800,112730
1801,112715
1802,112735
1803,112748
1804,112752
1805,112762
1806,112784
1807,112760
1808,112785
1809,112767
1810,112768
1811,112760
1812,112773
1813,112740
1814,112730
1815,112724
1816,112707
1817,112709
1818,112694
1819,112703
1820,112725
1821,112710
1822,112690
1823,112675
1824,112691
1825,112704
1826,112669
1827,112631
1828,112616
1829,112644
1830,112640
1831,112666
1832,112656
1833,112618
1834,112635
1835,112660
1836,112638
1837,112622
1838,112612
1839,112602
1840,112622
1841,112603
1842,112597
1843,112623
1844,112623
1845,112605
1846,112620
1847,112617
1848,112639
1849,112651
1850,112628
1851,112629
1852,112601
1853,112636
1854,112640
1855,112654
1856,112681
1857,112712
1858,112713
1859,112732
1860,112724
1861,112695
1862,112690
1863,112676
1864,112663
1865,112696
1866,112702
1867,112696
1868,112681
1869,112693
1870,112708
1871,112691
1872,112689
1873,112691
1874,112688
1875,112694
1876,112713
1877,112708
1878,112706
1879,112697
1880,112693
1881,112703
1882,112701
1883,112707
1884,112714
1885,112725
1886,112730
1887,112720
1888,112694
1889,112669
1890,112664
1891,112693
1892,112699
1893,112720
1894,112713
1895,112709
1896,112713
1897,112697
1898,112706
1899,112690
1900,112686
1901,112689
1902,112714
1903,112740
1904,112741
1905,112744
1906,112755
1907,112753
1908,112764
1909,112799
1910,112813
1911,112821
1912,112829
1913,112835
1914,112812
1915,112784
1916,112789
1917,112760
1918,112772
1919,112806
1920,112830
1921,112820
1922,112820
1923,112809
1924,112807
1925,112786
1926,112794
1927,112788
1928,112792
1929,112802
1930,112813
1931,112835
1932,112837
1933,112815
1934,112817
1935,112839
1936,112842
1937,112866
1938,112883
1939,112915
1940,112915
1941,112900
1942,112919
1943,112941
1944,112931
1945,112915
1946,112934
1947,112918
1948,112896
1949,112897
1950,112939
1951,112989
1952,113006
1953,112985
1954,112959
1955,112970
1956,112968
1957,112931
1958,112915
1959,112910
1960,112915
1961,112908
1962,112916
1963,112889
1964,112934
1965,112913
1966,112922
1967,112896
1968,112912
1969,112896
1970,112892
1971,112879
1972,112896
1973,112893
1974,112874
1975,112871
1976,112892
1977,112886
1978,112878
1979,112882
1980,112873
1981,112873
1982,112860
1983,112862
1984,112868
1985,112855
1986,112865
1987,112868
1988,112882
1989,112891
1990,112908
1991,112918
1992,112943
1993,112931
1994,112906
1995,112912
1996,112875
1997,112914
1998,112935
1999,112929
2000,112908
112908