1,166491396
2,168443786
3,169472667
4,168408126
5,167118657
6,168485715
7,169843743
8,169685837
9,169120652
10,168653798
11,169028632
12,167864761
13,169311660
14,169571106
15,168738521
16,169798452
17,168910370
18,168188405
19,168661167
20,167872512
21,167205985
22,167000921
23,167253598
24,167119128
25,167380026
26,167687519
27,167842584
28,167119469
29,166939995
30,167034135
31,167476662
32,167263883
33,167254456
34,167327636
35,167590212
36,168027769
37,167699318
38,167847140
39,167664801
40,167681596
41,167869742
42,168120073
43,168320595
44,168631896
45,168542690
46,168472805
47,168448143
48,168502028
49,168494109
50,168537166
51,168801613
52,168926516
53,168928530
54,168602005
55,168663139
56,168392215
57,168539865
58,168802126
59,168785452
60,168979183
61,169234956
62,169187871
63,169239026
64,169113656
65,169039916
66,168822503
67,168931042
68,168781825
69,168665033
70,168744452
71,168766349
72,168782234
73,168761334
74,168494195
75,168465481
76,168499741
77,168336271
78,168006039
79,168031891
80,167873788
81,167798880
82,167419765
83,167389143
84,167546897
85,167418881
86,167217568
87,166999966
88,166939321
89,167009968
90,167007173
91,167090582
92,167115582
93,167262516
94,167232245
95,167107620
96,167016571
97,167171411
98,167357840
99,167410476
100,167472203
101,167579576
102,167420100
103,167550225
104,167700297
105,167687312
106,167779835
107,167796135
108,167651377
109,167462534
110,167502042
111,167378107
112,167160151
113,167309067
114,167455899
115,167263645
116,167300275
117,167161146
118,167098626
119,167231404
120,167045563
121,167165484
122,167009073
123,167093428
124,167162297
125,167111608
126,167045805
127,166862764
128,166880325
129,166890931
130,166986087
131,167044805
132,167128162
133,167040695
134,167026023
135,167015028
136,166977051
137,166827884
138,166671423
139,166682725
140,166694570
141,166700590
142,166686820
143,166752472
144,166765767
145,166751142
146,166791070
147,166766244
148,166849403
149,166791238
150,166908446
151,166851719
152,166990323
153,166927477
154,166886938
155,166853342
156,166886370
157,166801347
158,166816326
159,166860582
160,166898919
161,167013618
162,167019613
163,167099118
164,167077190
165,167060024
166,167072892
167,166995399
168,167010921
169,167042481
170,167118890
171,167140114
172,167218023
173,167120629
174,167070458
175,167020115
176,167103859
177,167069700
178,167099401
179,167089315
180,167138192
181,167063765
182,167081143
183,167141965
184,167162013
185,167228385
186,167116199
187,167062341
188,167066172
189,167055840
190,166966263
191,166973467
192,167010413
193,167043705
194,167062040
195,167119553
196,167168614
197,167194237
198,167164376
199,167121214
200,167112576
201,167112536
202,167089214
203,167143253
204,167133785
205,167147753
206,167139680
207,167219032
208,167218879
209,167222590
210,167229288
211,167127352
212,167050395
213,167147723
214,167131771
215,167080667
216,167131920
217,167123160
218,167114515
219,167201512
220,167281567
221,167309039
222,167283063
223,167133475
224,167148822
225,167199116
226,167262265
227,167289952
228,167206735
229,167218553
230,167290316
231,167276556
232,167234326
233,167131377
234,167162258
235,167161171
236,167168786
237,167128556
238,167176810
239,167105749
240,167146796
241,167141008
242,167130325
243,167158304
244,167168170
245,167176676
246,167098308
247,167128258
248,167160154
249,167225647
250,167262448
251,167272260
252,167301300
253,167321643
254,167313080
255,167309214
256,167379756
257,167393101
258,167326075
259,167376291
260,167368592
261,167378678
262,167359313
263,167426908
264,167346858
265,167362539
266,167433804
267,167399503
268,167356646
269,167348849
270,167351164
271,167267338
272,167281280
273,167299985
274,167344386
275,167275115
276,167338286
277,167285005
278,167258508
279,167302119
280,167284855
281,167214631
282,167203292
283,167182329
284,167251385
285,167242935
286,167237534
287,167244686
288,167269162
289,167323264
290,167338493
291,167411922
292,167431133
293,167397771
294,167419901
295,167415470
296,167435094
297,167463688
298,167466603
299,167490549
300,167506637
301,167547016
302,167551322
303,167525811
304,167509391
305,167510825
306,167540003
307,167577928
308,167599405
309,167594365
310,167532609
311,167512807
312,167538917
313,167492804
314,167530678
315,167552969
316,167551213
317,167550357
318,167546843
319,167575619
320,167609896
321,167566185
322,167517849
323,167439965
324,167434296
325,167418055
326,167408646
327,167406982
328,167419385
329,167431951
330,167400838
331,167409089
332,167421385
333,167421321
334,167438792
335,167406929
336,167414840
337,167396910
338,167391723
339,167372617
340,167366295
341,167386662
342,167397534
343,167379520
344,167414998
345,167396234
346,167432434
347,167425884
348,167400971
349,167399060
350,167394512
351,167403622
352,167418745
353,167445854
354,167464702
355,167488044
356,167490926
357,167472909
358,167499014
359,167524338
360,167489472
361,167476379
362,167481751
363,167516660
364,167520842
365,167491803
366,167473767
367,167460643
368,167421089
369,167393609
370,167351128
371,167374280
372,167396618
373,167417573
374,167440513
375,167429755
376,167450426
377,167475589
378,167492485
379,167488693
380,167534179
381,167567423
382,167445624
383,167449552
384,167422350
385,167442777
386,167447934
387,167469851
388,167463989
389,167448545
390,167442284
391,167454271
392,167435099
393,167439528
394,167467267
395,167434643
396,167392877
397,167412582
398,167430564
399,167427108
400,167344540
401,167356556
402,167365501
403,167353440
404,167370483
405,167358573
406,167395372
407,167432950
408,167446696
409,167409359
410,167435365
411,167441683
412,167427916
413,167424049
414,167397125
415,167434770
416,167424005
417,167442662
418,167447615
419,167417114
420,167416904
421,167372879
422,167381534
423,167391015
424,167421059
425,167412792
426,167407498
427,167448676
428,167448358
429,167484468
430,167484558
431,167511995
432,167559969
433,167567014
434,167506615
435,167513171
436,167507550
437,167501115
438,167476256
439,167467005
440,167448943
441,167462552
442,167429640
443,167459803
444,167423502
445,167435183
446,167442881
447,167445776
448,167432806
449,167456537
450,167461951
451,167458679
452,167481382
453,167464697
454,167447247
455,167451501
456,167446576
457,167396375
458,167438749
459,167442217
460,167433631
461,167443854
462,167477015
463,167507175
464,167511294
465,167538120
466,167548633
467,167570329
468,167570414
469,167572988
470,167598281
471,167650986
472,167672959
473,167650818
474,167668976
475,167654523
476,167676165
477,167695477
478,167719358
479,167732160
480,167736793
481,167732633
482,167689506
483,167712485
484,167725894
485,167715449
486,167725951
487,167736740
488,167726800
489,167751627
490,167724590
491,167708204
492,167659008
493,167637752
494,167648827
495,167632283
496,167643388
497,167630190
498,167664266
499,167616275
500,167600136
501,167556579
502,167549110
503,167535277
504,167535343
505,167520064
506,167535179
507,167533221
508,167501305
509,167531796
510,167526300
511,167512932
512,167471360
513,167483311
514,167480250
515,167467897
516,167499982
517,167470489
518,167462097
519,167466569
520,167479138
521,167476377
522,167477757
523,167461365
524,167466728
525,167470943
526,167492134
527,167501620
528,167512502
529,167491808
530,167475207
531,167504749
532,167509323
533,167499248
534,167517826
535,167537171
536,167531606
537,167552030
538,167547416
539,167553302
540,167519493
541,167520657
542,167517606
543,167537662
544,167510125
545,167492235
546,167467940
547,167461541
548,167468356
549,167457577
550,167477275
551,167470178
552,167476693
553,167511763
554,167511879
555,167483292
556,167510746
557,167476425
558,167505175
559,167507383
560,167483254
561,167512510
562,167533206
563,167553399
564,167561083
565,167545764
566,167563560
567,167572670
568,167565118
569,167543892
570,167544637
571,167500902
572,167457882
573,167437366
574,167453818
575,167467614
576,167452135
577,167484285
578,167487000
579,167454834
580,167447858
581,167416725
582,167420115
583,167415880
584,167438173
585,167382300
586,167379676
587,167388501
588,167400240
589,167391739
590,167383402
591,167395851
592,167396386
593,167380392
594,167387616
595,167386437
596,167394579
597,167392320
598,167384001
599,167409199
600,167425507
601,167422515
602,167449501
603,167455406
604,167419032
605,167443049
606,167449911
607,167469572
608,167463842
609,167446078
610,167440299
611,167441514
612,167459711
613,167477759
614,167466095
615,167472901
616,167455041
617,167471108
618,167489436
619,167500984
620,167497438
621,167495320
622,167508721
623,167497696
624,167506625
625,167499888
626,167502795
627,167492824
628,167515437
629,167533782
630,167537836
631,167559731
632,167563915
633,167556611
634,167550808
635,167567447
636,167568048
637,167539231
638,167560536
639,167571841
640,167600709
641,167602072
642,167623392
643,167628385
644,167641432
645,167623834
646,167627560
647,167623698
648,167628413
649,167633486
650,167622902
651,167632784
652,167634101
653,167628444
654,167634380
655,167610480
656,167595028
657,167582245
658,167582623
659,167560429
660,167563030
661,167582703
662,167588558
663,167603409
664,167623139
665,167647135
666,167647584
667,167633833
668,167624148
669,167634723
670,167638703
671,167612523
672,167621932
673,167600686
674,167611810
675,167621660
676,167621299
677,167623676
678,167634333
679,167643229
680,167622480
681,167628834
682,167634360
683,167646216
684,167642298
685,167636553
686,167596434
687,167615597
688,167616293
689,167614387
690,167631607
691,167617527
692,167643784
693,167670506
694,167688307
695,167691043
696,167686795
697,167688459
698,167690816
699,167706337
700,167680554
701,167692987
702,167647903
703,167646859
704,167654347
705,167655392
706,167641825
707,167660405
708,167651965
709,167664530
710,167667458
711,167663265
712,167672903
713,167659372
714,167662043
715,167669184
716,167667485
717,167684379
718,167681761
719,167686669
720,167693353
721,167698982
722,167706496
723,167712430
724,167698191
725,167687653
726,167698938
727,167689072
728,167693731
729,167691259
730,167680762
731,167655987
732,167637909
733,167647635
734,167646707
735,167652083
736,167660813
737,167667155
738,167663291
739,167673836
740,167680075
741,167688997
742,167707219
743,167691135
744,167673066
745,167671077
746,167677582
747,167714163
748,167718294
749,167729651
750,167719949
751,167705887
752,167715911
753,167740802
754,167740200
755,167745613
756,167728688
757,167716762
758,167714359
759,167703464
760,167711634
761,167732793
762,167715418
763,167691685
764,167685151
765,167678872
766,167653557
767,167672782
768,167673006
769,167657630
770,167667914
771,167661763
772,167669431
773,167671047
774,167669646
775,167664943
776,167679059
777,167632386
778,167618098
779,167611671
780,167612567
781,167589536
782,167565648
783,167588341
784,167586104
785,167594913
786,167600326
787,167581576
788,167560952
789,167562663
790,167568007
791,167577626
792,167600280
793,167612879
794,167622138
795,167639413
796,167640474
797,167651836
798,167658645
799,167650996
800,167650883
801,167653155
802,167647561
803,167638291
804,167631922
805,167628983
806,167634067
807,167640440
808,167643650
809,167655373
810,167644835
811,167638695
812,167642868
813,167645279
814,167646161
815,167631997
816,167626751
817,167640084
818,167646697
819,167659393
820,167637477
821,167634369
822,167639120
823,167632520
824,167592984
825,167601222
826,167600002
827,167605561
828,167610969
829,167617714
830,167640249
831,167624208
832,167624009
833,167642502
834,167641103
835,167642140
836,167643238
837,167646059
838,167641583
839,167636895
840,167652072
841,167660821
842,167625966
843,167601837
844,167597280
845,167591192
846,167591389
847,167614071
848,167611240
849,167613149
850,167611347
851,167599263
852,167587463
853,167603024
854,167622387
855,167606116
856,167612683
857,167616623
858,167612829
859,167604097
860,167601293
861,167588744
862,167602397
863,167621064
864,167607361
865,167607214
866,167580124
867,167582860
868,167564797
869,167553338
870,167569782
871,167558919
872,167562731
873,167549468
874,167558044
875,167560513
876,167562950
877,167572822
878,167571226
879,167595310
880,167592070
881,167596302
882,167609164
883,167598895
884,167601120
885,167582391
886,167589034
887,167594471
888,167610776
889,167581981
890,167589307
891,167588160
892,167605544
893,167584777
894,167598162
895,167600813
896,167597888
897,167605823
898,167610597
899,167615853
900,167606567
901,167616656
902,167606578
903,167584674
904,167587403
905,167580589
906,167585538
907,167590596
908,167585045
909,167595676
910,167608447
911,167620313
912,167632390
913,167623721
914,167631930
915,167629226
916,167627305
917,167629314
918,167627793
919,167615876
920,167632050
921,167627050
922,167637185
923,167638464
924,167644782
925,167634663
926,167637271
927,167635806
928,167635924
929,167650310
930,167663757
931,167667443
932,167672367
933,167655396
934,167625342
935,167639804
936,167649864
937,167660729
938,167672225
939,167684359
940,167675114
941,167690802
942,167671294
943,167683704
944,167674004
945,167677629
946,167677616
947,167675007
948,167666541
949,167681664
950,167695552
951,167707473
952,167712422
953,167705310
954,167690838
955,167700334
956,167717860
957,167705936
958,167698159
959,167702631
960,167716605
961,167697064
962,167686598
963,167674185
964,167686630
965,167699336
966,167709776
967,167689573
968,167702447
969,167712585
970,167705741
971,167691619
972,167685667
973,167694643
974,167685728
975,167693930
976,167693501
977,167701850
978,167706560
979,167707678
980,167707506
981,167708172
982,167696881
983,167716003
984,167714629
985,167706230
986,167700261
987,167688097
988,167690238
989,167680827
990,167662120
991,167666575
992,167668156
993,167676956
994,167686814
995,167686283
996,167704306
997,167697411
998,167699848
999,167714059
1000,167720112
1001,167716331
1002,167735533
1003,167739381
1004,167724712
1005,167724622
1006,167740469
1007,167746076
1008,167748611
1009,167735698
1010,167737253
1011,167752257
1012,167759042
1013,167740628
1014,167745608
1015,167742588
1016,167726988
1017,167732248
1018,167721904
1019,167714126
1020,167722268
1021,167724685
1022,167736754
1023,167720594
1024,167725331
1025,167698470
1026,167706868
1027,167717663
1028,167718309
1029,167722254
1030,167723254
1031,167717437
1032,167734126
1033,167747599
1034,167734277
1035,167742121
1036,167761815
1037,167773224
1038,167783081
1039,167768664
1040,167778103
1041,167773305
1042,167769005
1043,167785262
1044,167797508
1045,167810232
1046,167797849
1047,167800738
1048,167795806
1049,167791728
1050,167785867
1051,167787248
1052,167791394
1053,167798784
1054,167806550
1055,167816656
1056,167822442
1057,167819078
1058,167820205
1059,167814403
1060,167805685
1061,167808721
1062,167813711
1063,167818939
1064,167806493
1065,167815978
1066,167823644
1067,167822415
1068,167812038
1069,167817735
1070,167818623
1071,167808666
1072,167805175
1073,167795718
1074,167796857
1075,167802004
1076,167792162
1077,167808623
1078,167791832
1079,167793268
1080,167802122
1081,167806778
1082,167817396
1083,167808461
1084,167788745
1085,167792223
1086,167799920
1087,167804188
1088,167786063
1089,167777922
1090,167774288
1091,167766453
1092,167755801
1093,167750298
1094,167730410
1095,167734453
1096,167726866
1097,167722957
1098,167712814
1099,167711325
1100,167699246
1101,167703079
1102,167704692
1103,167704638
1104,167714620
1105,167717793
1106,167702920
1107,167679872
1108,167681432
1109,167688478
1110,167680657
1111,167675584
1112,167664237
1113,167669536
1114,167673610
1115,167676392
1116,167673084
1117,167675632
1118,167664545
1119,167665113
1120,167667748
1121,167670701
1122,167681845
1123,167679072
1124,167687566
1125,167705452
1126,167698581
1127,167704325
1128,167688232
1129,167674307
1130,167675560
1131,167655173
1132,167660696
1133,167676571
1134,167674915
1135,167657713
1136,167655104
1137,167651606
1138,167660993
1139,167649047
1140,167645506
1141,167642516
1142,167631963
1143,167630708
1144,167623008
1145,167626666
1146,167623038
1147,167635862
1148,167638301
1149,167645772
1150,167648283
1151,167659453
1152,167653620
1153,167668834
1154,167669563
1155,167676782
1156,167686110
1157,167689913
1158,167691853
1159,167678688
1160,167667798
1161,167673417
1162,167692470
1163,167690346
1164,167704161
1165,167706614
1166,167709408
1167,167703884
1168,167699766
1169,167700547
1170,167685094
1171,167701355
1172,167699651
1173,167700678
1174,167715239
1175,167719528
1176,167701317
1177,167704864
1178,167706557
1179,167709194
1180,167711544
1181,167724007
1182,167723434
1183,167725083
1184,167727448
1185,167718705
1186,167720798
1187,167735765
1188,167720367
1189,167726346
1190,167704722
1191,167707617
1192,167712492
1193,167712103
1194,167704879
1195,167714402
1196,167710135
1197,167712381
1198,167729299
1199,167725299
1200,167713904
1201,167714993
1202,167711304
1203,167724473
1204,167714081
1205,167685314
1206,167675956
1207,167683966
1208,167673842
1209,167684795
1210,167686458
1211,167701048
1212,167713076
1213,167709139
1214,167717785
1215,167716234
1216,167709822
1217,167708980
1218,167712022
1219,167723995
1220,167729009
1221,167718211
1222,167729375
1223,167718786
1224,167704599
1225,167716076
1226,167707131
1227,167711761
1228,167695914
1229,167681269
1230,167678827
1231,167681149
1232,167684072
1233,167687172
1234,167675000
1235,167664673
1236,167657282
1237,167666930
1238,167666753
1239,167657600
1240,167658402
1241,167653234
1242,167640450
1243,167639784
1244,167616428
1245,167610480
1246,167593355
1247,167590837
1248,167582803
1249,167575303
1250,167577062
1251,167579663
1252,167582148
1253,167579976
1254,167575054
1255,167585337
1256,167584770
1257,167598696
1258,167610625
1259,167597038
1260,167603164
1261,167601062
1262,167604465
1263,167614434
1264,167612862
1265,167609180
1266,167619132
1267,167611268
1268,167614975
1269,167628596
1270,167631896
1271,167629594
1272,167634643
1273,167637871
1274,167645133
1275,167652499
1276,167652796
1277,167650494
1278,167643235
1279,167644228
1280,167639847
1281,167640901
1282,167640628
1283,167646352
1284,167646964
1285,167664182
1286,167626558
1287,167621263
1288,167626631
1289,167622393
1290,167627051
1291,167638662
1292,167634141
1293,167645582
1294,167645258
1295,167654171
1296,167649734
1297,167662800
1298,167666839
1299,167670039
1300,167675278
1301,167677194
1302,167681849
1303,167690142
1304,167681438
1305,167661007
1306,167655494
1307,167662163
1308,167659894
1309,167644581
1310,167641880
1311,167645148
1312,167643381
1313,167641643
1314,167627078
1315,167625675
1316,167628978
1317,167629514
1318,167637949
1319,167624605
1320,167619283
1321,167624818
1322,167625687
1323,167626767
1324,167629837
1325,167638969
1326,167632404
1327,167628827
1328,167638201
1329,167620693
1330,167618393
1331,167615502
1332,167614551
1333,167616556
1334,167609382
1335,167600219
1336,167602677
1337,167603665
1338,167604845
1339,167588656
1340,167593139
1341,167594470
1342,167586240
1343,167575381
1344,167580799
1345,167582284
1346,167579313
1347,167582369
1348,167577346
1349,167577892
1350,167571946
1351,167571303
1352,167562707
1353,167564171
1354,167563366
1355,167571437
1356,167564312
1357,167576384
1358,167585691
1359,167583355
1360,167578720
1361,167575771
1362,167581652
1363,167591189
1364,167582011
1365,167588564
1366,167599306
1367,167605267
1368,167613538
1369,167613572
1370,167626597
1371,167625329
1372,167628402
1373,167626614
1374,167630466
1375,167640432
1376,167639715
1377,167639557
1378,167648483
1379,167653376
1380,167659257
1381,167654643
1382,167650419
1383,167653730
1384,167644179
1385,167642867
1386,167631174
1387,167625441
1388,167624020
1389,167620877
1390,167616573
1391,167614867
1392,167606295
1393,167603942
1394,167602234
1395,167599867
1396,167597960
1397,167577124
1398,167578129
1399,167575308
1400,167578049
1401,167584692
1402,167592258
1403,167582489
1404,167577685
1405,167568671
1406,167572858
1407,167580292
1408,167572400
1409,167554692
1410,167557215
1411,167557898
1412,167558839
1413,167574553
1414,167573902
1415,167560742
1416,167570388
1417,167570638
1418,167579201
1419,167576131
1420,167575668
1421,167569687
1422,167568152
1423,167559911
1424,167556481
1425,167557062
1426,167566365
1427,167576648
1428,167568458
1429,167565924
1430,167556736
1431,167561713
1432,167562570
1433,167550164
1434,167557163
1435,167562106
1436,167564934
1437,167561581
1438,167560124
1439,167560410
1440,167561001
1441,167562036
1442,167557203
1443,167556190
1444,167549759
1445,167549428
1446,167550138
1447,167543240
1448,167547939
1449,167551325
1450,167543615
1451,167535611
1452,167536149
1453,167529321
1454,167531890
1455,167528980
1456,167524767
1457,167522901
1458,167516137
1459,167522994
1460,167525418
1461,167516240
1462,167508610
1463,167506987
1464,167510810
1465,167508389
1466,167512749
1467,167517664
1468,167515199
1469,167520153
1470,167508563
1471,167509631
1472,167516409
1473,167509794
1474,167504861
1475,167492025
1476,167489633
1477,167486029
1478,167486845
1479,167492493
1480,167490661
1481,167489507
1482,167491461
1483,167487371
1484,167492325
1485,167482486
1486,167480207
1487,167482458
1488,167479760
1489,167481865
1490,167481510
1491,167481216
1492,167481174
1493,167481573
1494,167482324
1495,167474072
1496,167475751
1497,167476885
1498,167479952
1499,167489891
1500,167497195
1501,167490521
1502,167494940
1503,167493610
1504,167495461
1505,167499128
1506,167491389
1507,167491169
1508,167488044
1509,167488657
1510,167486543
1511,167495187
1512,167495859
1513,167493799
1514,167499868
1515,167482265
1516,167481200
1517,167475385
1518,167473361
1519,167476509
1520,167480298
1521,167488613
1522,167493783
1523,167501300
1524,167497421
1525,167502713
1526,167503867
1527,167508456
1528,167495545
1529,167500921
1530,167507023
1531,167496645
1532,167494429
1533,167494435
1534,167496812
1535,167501293
1536,167501654
1537,167510794
1538,167510971
1539,167508035
1540,167516283
1541,167506905
1542,167512306
1543,167498783
1544,167490868
1545,167482180
1546,167482059
1547,167484433
1548,167468703
1549,167462354
1550,167459574
1551,167467081
1552,167465500
1553,167468252
1554,167470513
1555,167476897
1556,167482031
1557,167483263
1558,167475089
1559,167481001
1560,167486019
1561,167482972
1562,167476939
1563,167467687
1564,167463593
1565,167466008
1566,167461918
1567,167472545
1568,167461814
1569,167472312
1570,167470186
1571,167468120
1572,167471022
1573,167475123
1574,167476318
1575,167470206
1576,167476255
1577,167460678
1578,167462600
1579,167458655
1580,167461701
1581,167465021
1582,167462055
1583,167470160
1584,167462834
1585,167471137
1586,167448574
1587,167451165
1588,167432772
1589,167437752
1590,167441320
1591,167429675
1592,167430230
1593,167435095
1594,167435712
1595,167438107
1596,167436482
1597,167441737
1598,167435629
1599,167424452
1600,167418580
1601,167421584
1602,167426689
1603,167425016
1604,167428111
1605,167431368
1606,167434708
1607,167436639
1608,167435863
1609,167437705
1610,167448268
1611,167433158
1612,167435290
1613,167442145
1614,167446818
1615,167446456
1616,167448930
1617,167449864
1618,167449362
1619,167445259
1620,167447421
1621,167454690
1622,167458302
1623,167456005
1624,167461436
1625,167467230
1626,167457546
1627,167452589
1628,167454568
1629,167458212
1630,167468138
1631,167469606
1632,167479488
1633,167482420
1634,167483957
1635,167488585
1636,167490155
1637,167495950
1638,167491402
1639,167494800
1640,167490585
1641,167498096
1642,167499451
1643,167499030
1644,167502668
1645,167505601
1646,167487429
1647,167494310
1648,167488727
1649,167488990
1650,167497054
1651,167487557
1652,167487485
1653,167489540
1654,167486413
1655,167487111
1656,167483624
1657,167485062
1658,167471072
1659,167469747
1660,167469241
1661,167472466
1662,167473072
1663,167475423
1664,167468705
1665,167464043
1666,167466937
1667,167467902
1668,167450704
1669,167447540
1670,167447931
1671,167450822
1672,167443200
1673,167446620
1674,167449086
1675,167435519
1676,167425436
1677,167417064
1678,167412847
1679,167407154
1680,167402351
1681,167401748
1682,167411859
1683,167416878
1684,167414172
1685,167413573
1686,167421115
1687,167417444
1688,167416797
1689,167425868
1690,167420751
1691,167412345
1692,167422386
1693,167424948
1694,167425846
1695,167421945
1696,167434032
1697,167444094
1698,167444815
1699,167452182
1700,167453845
1701,167459261
1702,167455933
1703,167459094
1704,167450335
1705,167454516
1706,167452955
1707,167459239
1708,167455925
1709,167463986
1710,167471221
1711,167468882
1712,167465299
1713,167476863
1714,167477176
1715,167478509
1716,167485560
1717,167484160
1718,167484337
1719,167492484
1720,167494724
1721,167502107
1722,167511769
1723,167518652
1724,167529351
1725,167538098
1726,167540934
1727,167537136
1728,167537181
1729,167540244
1730,167528749
1731,167529106
1732,167526875
1733,167520807
1734,167528917
1735,167519373
1736,167516552
1737,167522388
1738,167531679
1739,167529957
1740,167519066
1741,167519233
1742,167512527
1743,167509374
1744,167498297
1745,167493021
1746,167501263
1747,167503092
1748,167499593
1749,167503536
1750,167497205
1751,167499823
1752,167492104
1753,167487963
1754,167484988
1755,167489048
1756,167496214
1757,167497740
1758,167487654
1759,167490605
1760,167492869
1761,167493307
1762,167496377
1763,167491115
1764,167493715
1765,167495430
1766,167498550
1767,167502665
1768,167503749
1769,167509142
1770,167508321
1771,167517109
1772,167520928
1773,167524046
1774,167530698
1775,167534005
1776,167538686
1777,167549292
1778,167551463
1779,167552219
1780,167549771
1781,167553263
1782,167552289
1783,167554461
1784,167554086
1785,167546137
1786,167551627
1787,167554628
1788,167554842
1789,167556641
1790,167558751
1791,167558150
1792,167555184
1793,167546028
1794,167545413
1795,167551614
1796,167557328
1797,167559377
1798,167559464
1799,167556954
1800,167547654
1801,167547594
1802,167558614
1803,167558844
1804,167567511
1805,167569161
1806,167576498
1807,167582711
1808,167586349
1809,167580870
1810,167582591
1811,167595083
1812,167594094
1813,167587748
1814,167582814
1815,167578682
1816,167578811
1817,167584941
1818,167592631
1819,167581787
1820,167587899
1821,167597907
1822,167597400
1823,167596970
1824,167593681
1825,167598410
1826,167594338
1827,167600439
1828,167594710
1829,167596852
1830,167600181
1831,167600637
1832,167597209
1833,167590050
1834,167594130
1835,167587411
1836,167585725
1837,167586724
1838,167574492
1839,167568431
1840,167561266
1841,167562002
1842,167564481
1843,167568975
1844,167570512
1845,167577644
1846,167578252
1847,167582778
1848,167577314
1849,167585472
1850,167584581
1851,167584271
1852,167585454
1853,167570012
1854,167570344
1855,167566724
1856,167566845
1857,167569344
1858,167563894
1859,167552248
1860,167550463
1861,167553715
1862,167554681
1863,167557575
1864,167563171
1865,167568176
1866,167568522
1867,167571022
1868,167561410
1869,167563194
1870,167566753
1871,167563104
1872,167568224
1873,167571624
1874,167575075
1875,167582484
1876,167579883
1877,167575419
1878,167579425
1879,167581794
1880,167579345
1881,167591485
1882,167582472
1883,167583640
1884,167590157
1885,167589016
1886,167593958
1887,167602142
1888,167583725
1889,167587766
1890,167582691
1891,167581925
1892,167572142
1893,167571683
1894,167572369
1895,167575390
1896,167577382
1897,167574659
1898,167576776
1899,167576188
1900,167580303
1901,167583184
1902,167589316
1903,167582392
1904,167590964
1905,167580936
1906,167579961
1907,167586781
1908,167590145
1909,167593562
1910,167599722
1911,167591017
1912,167580195
1913,167563948
1914,167567009
1915,167573086
1916,167568183
1917,167567801
1918,167568691
1919,167566611
1920,167573211
1921,167579971
1922,167572005
1923,167579438
1924,167579405
1925,167581613
1926,167577505
1927,167576132
1928,167576129
1929,167576187
1930,167571271
1931,167560433
1932,167562834
1933,167561518
1934,167565941
1935,167570271
1936,167562332
1937,167563307
1938,167557089
1939,167556099
1940,167554457
1941,167560260
1942,167569606
1943,167570604
1944,167571677
1945,167581596
1946,167577054
1947,167580163
1948,167576545
1949,167564314
1950,167570209
1951,167568148
1952,167567634
1953,167569088
1954,167564495
1955,167568760
1956,167568919
1957,167563650
1958,167570707
1959,167557932
1960,167563503
1961,167556239
1962,167558306
1963,167559903
1964,167557715
1965,167558293
1966,167559829
1967,167564595
1968,167564662
1969,167560524
1970,167564944
1971,167563053
1972,167563636
1973,167567612
1974,167561987
1975,167564310
1976,167566424
1977,167566011
1978,167571107
1979,167564813
1980,167558667
1981,167563654
1982,167559779
1983,167560649
1984,167561435
1985,167559334
1986,167554240
1987,167553741
1988,167550033
1989,167543800
1990,167550862
1991,167557728
1992,167551582
1993,167548212
1994,167548362
1995,167548705
1996,167542748
1997,167547355
1998,167545192
1999,167549556
2000,167552396
167552396