1,295162
2,270613
3,270048
4,264624
5,266969
6,261654
7,267264
8,272058
9,265480
10,262883
11,265801
12,264672
13,264372
14,265556
15,264097
16,265032
17,267186
18,268597
19,267207
20,269891
21,270643
22,268240
23,269962
24,269214
25,271355
26,271116
27,270724
28,270521
29,269975
30,269742
31,270412
32,270860
33,270603
34,269423
35,269505
36,268904
37,269184
38,268435
39,268663
40,266454
41,265396
42,266011
43,266301
44,265604
45,266010
46,266543
47,267199
48,266928
49,268009
50,268603
51,267767
52,268028
53,267723
54,268551
55,269026
56,269104
57,268481
58,268697
59,268471
60,268871
61,268303
62,268259
63,268270
64,268289
65,267875
66,268247
67,267876
68,268056
69,266990
70,266538
71,267003
72,267226
73,267406
74,267928
75,267687
76,267774
77,267921
78,268162
79,268558
80,268906
81,269239
82,269822
83,269500
84,269226
85,269193
86,268929
87,269442
88,269466
89,269322
90,269087
91,269382
92,269521
93,269761
94,270061
95,270412
96,270948
97,270647
98,270218
99,270535
100,270409
101,270423
102,270649
103,270473
104,270722
105,270816
106,271018
107,271393
108,271727
109,271417
110,270835
111,271039
112,271207
113,270681
114,270832
115,270619
116,270457
117,270647
118,270936
119,270817
120,271029
121,270747
122,270641
123,270548
124,270835
125,270868
126,270888
127,270825
128,270583
129,270702
130,270736
131,270916
132,270879
133,271160
134,270832
135,271266
136,271387
137,271605
138,271507
139,271306
140,271302
141,271216
142,271191
143,271599
144,271324
145,271267
146,271299
147,271254
148,271521
149,271845
150,271959
151,272309
152,272314
153,272562
154,272799
155,272980
156,272905
157,273067
158,273200
159,273294
160,273036
161,273217
162,273138
163,273126
164,273079
165,273185
166,273418
167,273632
168,273780
169,273671
170,273329
171,273061
172,273130
173,273149
174,273158
175,273489
176,273375
177,273270
178,272973
179,273127
180,273222
181,273329
182,273505
183,273501
184,273554
185,273218
186,273388
187,273355
188,273142
189,272963
190,273007
191,273109
192,273196
193,273157
194,272950
195,272943
196,273027
197,272758
198,272860
199,272897
200,272694
201,272839
202,272725
203,272543
204,272756
205,272866
206,272674
207,272562
208,272781
209,273017
210,273024
211,273020
212,272971
213,272734
214,272861
215,272953
216,272953
217,273077
218,272959
219,272990
220,273030
221,273008
222,273160
223,273340
224,273260
225,273320
226,273319
227,273529
228,273597
229,273510
230,273059
231,273147
232,272947
233,272971
234,273031
235,273060
236,273349
237,273478
238,273562
239,273481
240,273464
241,273524
242,273530
243,273567
244,273755
245,273730
246,273804
247,273910
248,274067
249,274241
250,274105
251,274217
252,274216
253,274346
254,274127
255,274010
256,274056
257,273915
258,273990
259,273966
260,273978
261,274010
262,274060
263,273890
264,274074
265,274240
266,274426
267,274476
268,274550
269,274657
270,274767
271,274894
272,274788
273,274814
274,274811
275,274808
276,274720
277,274870
278,274801
279,274806
280,274702
281,274643
282,274649
283,274683
284,274694
285,274812
286,274798
287,274829
288,274897
289,274848
290,274850
291,274853
292,274726
293,274558
294,274546
295,274564
296,274530
297,274445
298,274323
299,274435
300,274180
301,274056
302,274051
303,274042
304,273786
305,273787
306,273830
307,273900
308,273890
309,273903
310,274004
311,273919
312,273913
313,273899
314,273935
315,273862
316,273929
317,273985
318,274177
319,274227
320,274097
321,274197
322,274263
323,274167
324,274242
325,274256
326,274201
327,274221
328,274279
329,274282
330,274382
331,274263
332,274160
333,274288
334,274361
335,274253
336,274361
337,274363
338,274130
339,274217
340,274334
341,274331
342,274276
343,274265
344,274248
345,274215
346,274328
347,274335
348,274379
349,274404
350,274391
351,274233
352,274273
353,274377
354,274373
355,274460
356,274609
357,274517
358,274631
359,274576
360,274437
361,274466
362,274559
363,274626
364,274660
365,274602
366,274728
367,274692
368,274730
369,274734
370,274835
371,274865
372,274904
373,274915
374,274876
375,274959
376,274885
377,274886
378,274753
379,274795
380,274793
381,274796
382,274799
383,274896
384,274857
385,274865
386,274925
387,274979
388,274922
389,274992
390,274968
391,274874
392,274905
393,274846
394,274792
395,274711
396,274714
397,274573
398,274568
399,274527
400,274459
401,274468
402,274469
403,274468
404,274509
405,274515
406,274473
407,274498
408,274408
409,274517
410,274598
411,274378
412,274357
413,274215
414,274204
415,274348
416,274211
417,274273
418,274297
419,274276
420,274253
421,274381
422,274338
423,274362
424,274424
425,274490
426,274539
427,274477
428,274434
429,274399
430,274361
431,274230
432,274149
433,274156
434,274187
435,274041
436,274041
437,273904
438,273936
439,273936
440,274007
441,273981
442,274012
443,274028
444,274095
445,274181
446,274151
447,274217
448,274265
449,274259
450,274241
451,274327
452,274346
453,274349
454,274440
455,274414
456,274310
457,274330
458,274235
459,274204
460,274241
461,274261
462,274295
463,274343
464,274362
465,274324
466,274273
467,274256
468,274251
469,274201
470,274226
471,274256
472,274164
473,274205
474,274176
475,274139
476,274185
477,274256
478,274279
479,274290
480,274287
481,274142
482,274121
483,274120
484,274156
485,274090
486,274117
487,274109
488,274155
489,274141
490,274188
491,274126
492,274122
493,274012
494,274016
495,273950
496,273957
497,274024
498,274044
499,274054
500,274019
501,273950
502,273842
503,273899
504,273892
505,273894
506,273936
507,273971
508,273885
509,273844
510,273876
511,273801
512,273819
513,273848
514,273844
515,273848
516,273858
517,273921
518,273923
519,273894
520,273941
521,273944
522,273886
523,273920
524,273949
525,273913
526,273922
527,273858
528,273808
529,273750
530,273728
531,273725
532,273706
533,273749
534,273724
535,273765
536,273695
537,273699
538,273723
539,273754
540,273719
541,273828
542,273777
543,273704
544,273741
545,273817
546,273868
547,273879
548,273951
549,273936
550,273941
551,273924
552,273954
553,273990
554,274014
555,274028
556,274088
557,274128
558,274102
559,274137
560,274073
561,274074
562,273999
563,274078
564,274106
565,274177
566,274077
567,273888
568,273880
569,273884
570,273981
571,273874
572,273845
573,273847
574,273904
575,273870
576,273929
577,273938
578,274010
579,274027
580,274030
581,274038
582,274064
583,274110
584,274155
585,274176
586,274204
587,274290
588,274251
589,274187
590,274151
591,274094
592,274110
593,274025
594,274006
595,274020
596,274031
597,274103
598,274095
599,274126
600,274213
601,274246
602,274286
603,274351
604,274408
605,274458
606,274479
607,274389
608,274411
609,274434
610,274502
611,274496
612,274511
613,274516
614,274592
615,274568
616,274546
617,274484
618,274504
619,274412
620,274401
621,274427
622,274478
623,274439
624,274423
625,274362
626,274401
627,274379
628,274426
629,274471
630,274503
631,274481
632,274516
633,274503
634,274496
635,274493
636,274482
637,274465
638,274462
639,274473
640,274475
641,274503
642,274489
643,274487
644,274479
645,274460
646,274519
647,274552
648,274534
649,274558
650,274436
651,274456
652,274424
653,274411
654,274431
655,274413
656,274408
657,274440
658,274426
659,274442
660,274452
661,274454
662,274427
663,274496
664,274525
665,274513
666,274547
667,274513
668,274532
669,274578
670,274598
671,274635
672,274626
673,274624
674,274631
675,274683
676,274657
677,274614
678,274518
679,274541
680,274536
681,274552
682,274578
683,274611
684,274537
685,274563
686,274547
687,274499
688,274482
689,274427
690,274439
691,274411
692,274424
693,274450
694,274484
695,274478
696,274438
697,274432
698,274419
699,274401
700,274454
701,274468
702,274366
703,274379
704,274417
705,274295
706,274275
707,274259
708,274228
709,274242
710,274199
711,274256
712,274225
713,274169
714,274058
715,274015
716,274042
717,274044
718,274047
719,273998
720,274023
721,274065
722,274057
723,273991
724,273986
725,273978
726,273992
727,274041
728,274018
729,274074
730,274091
731,274013
732,273953
733,273971
734,273976
735,273889
736,273888
737,273923
738,273955
739,273867
740,273829
741,273710
742,273698
743,273712
744,273712
745,273639
746,273658
747,273667
748,273707
749,273742
750,273784
751,273815
752,273821
753,273749
754,273762
755,273775
756,273753
757,273791
758,273778
759,273789
760,273780
761,273806
762,273805
763,273808
764,273757
765,273712
766,273728
767,273668
768,273687
769,273704
770,273616
771,273629
772,273644
773,273645
774,273703
775,273728
776,273777
777,273825
778,273846
779,273806
780,273813
781,273821
782,273833
783,273847
784,273862
785,273879
786,273906
787,273902
788,273888
789,273875
790,273847
791,273829
792,273876
793,273927
794,273974
795,274026
796,274032
797,273977
798,273972
799,274010
800,274056
801,273969
802,273978
803,273980
804,273955
805,273956
806,273917
807,273907
808,273914
809,273879
810,273851
811,273763
812,273743
813,273765
814,273780
815,273828
816,273794
817,273819
818,273823
819,273777
820,273806
821,273774
822,273790
823,273828
824,273844
825,273819
826,273763
827,273730
828,273753
829,273773
830,273771
831,273732
832,273712
833,273724
834,273685
835,273720
836,273710
837,273747
838,273757
839,273698
840,273698
841,273699
842,273741
843,273799
844,273707
845,273660
846,273640
847,273632
848,273638
849,273651
850,273623
851,273623
852,273660
853,273695
854,273680
855,273696
856,273752
857,273732
858,273650
859,273680
860,273615
861,273631
862,273630
863,273666
864,273676
865,273704
866,273688
867,273723
868,273752
869,273724
870,273745
871,273788
872,273820
873,273787
874,273777
875,273768
876,273797
877,273780
878,273779
879,273740
880,273751
881,273733
882,273757
883,273796
884,273733
885,273749
886,273784
887,273812
888,273839
889,273847
890,273884
891,273890
892,273896
893,273902
894,273890
895,273888
896,273927
897,273978
898,273966
899,273959
900,273954
901,273996
902,274021
903,274033
904,274000
905,274052
906,274036
907,274012
908,274036
909,274044
910,273994
911,273916
912,273897
913,273839
914,273858
915,273883
916,273887
917,273921
918,273983
919,273992
920,274004
921,273948
922,273950
923,273942
924,273974
925,273879
926,273879
927,273919
928,273916
929,273904
930,273901
931,273938
932,273946
933,273928
934,273930
935,273930
936,273899
937,273849
938,273876
939,273900
940,273927
941,273894
942,273881
943,273858
944,273900
945,273916
946,273936
947,273952
948,273941
949,273998
950,273974
951,273973
952,273923
953,273841
954,273767
955,273740
956,273773
957,273802
958,273748
959,273754
960,273732
961,273711
962,273694
963,273693
964,273722
965,273741
966,273703
967,273705
968,273699
969,273704
970,273655
971,273677
972,273654
973,273659
974,273601
975,273573
976,273600
977,273635
978,273636
979,273715
980,273732
981,273732
982,273780
983,273824
984,273833
985,273852
986,273843
987,273876
988,273842
989,273863
990,273793
991,273790
992,273806
993,273837
994,273826
995,273833
996,273808
997,273784
998,273755
999,273767
1000,273763
1001,273791
1002,273798
1003,273760
1004,273783
1005,273803
1006,273826
1007,273841
1008,273871
1009,273845
1010,273833
1011,273838
1012,273817
1013,273801
1014,273836
1015,273817
1016,273804
1017,273844
1018,273877
1019,273878
1020,273896
1021,273878
1022,273859
1023,273872
1024,273864
1025,273829
1026,273795
1027,273800
1028,273743
1029,273742
1030,273765
1031,273781
1032,273744
1033,273760
1034,273744
1035,273676
1036,273685
1037,273686
1038,273686
1039,273684
1040,273688
1041,273728
1042,273747
1043,273788
1044,273814
1045,273828
1046,273790
1047,273790
1048,273816
1049,273791
1050,273775
1051,273799
1052,273798
1053,273819
1054,273855
1055,273865
1056,273883
1057,273869
1058,273867
1059,273899
1060,273923
1061,273921
1062,273918
1063,273967
1064,273914
1065,273936
1066,273939
1067,273960
1068,273951
1069,273924
1070,273922
1071,273911
1072,273932
1073,273919
1074,273909
1075,273850
1076,273868
1077,273857
1078,273863
1079,273891
1080,273918
1081,273955
1082,273949
1083,273977
1084,274012
1085,274009
1086,273958
1087,273966
1088,273971
1089,273939
1090,273898
1091,273825
1092,273813
1093,273808
1094,273778
1095,273788
1096,273792
1097,273817
1098,273823
1099,273821
1100,273828
1101,273829
1102,273816
1103,273820
1104,273824
1105,273863
1106,273863
1107,273861
1108,273875
1109,273904
1110,273861
1111,273855
1112,273853
1113,273870
1114,273874
1115,273847
1116,273867
1117,273866
1118,273884
1119,273888
1120,273847
1121,273832
1122,273849
1123,273874
1124,273888
1125,273838
1126,273839
1127,273837
1128,273808
1129,273825
1130,273846
1131,273791
1132,273780
1133,273745
1134,273727
1135,273709
1136,273705
1137,273747
1138,273780
1139,273779
1140,273753
1141,273720
1142,273735
1143,273736
1144,273714
1145,273708
1146,273735
1147,273670
1148,273667
1149,273687
1150,273706
1151,273723
1152,273665
1153,273668
1154,273683
1155,273662
1156,273658
1157,273678
1158,273709
1159,273701
1160,273709
1161,273719
1162,273743
1163,273760
1164,273795
1165,273744
1166,273789
1167,273805
1168,273783
1169,273752
1170,273730
1171,273754
1172,273717
1173,273682
1174,273695
1175,273715
1176,273727
1177,273751
1178,273752
1179,273759
1180,273782
1181,273776
1182,273783
1183,273766
1184,273767
1185,273779
1186,273777
1187,273786
1188,273801
1189,273828
1190,273826
1191,273840
1192,273847
1193,273854
1194,273857
1195,273869
1196,273866
1197,273851
1198,273891
1199,273905
1200,273915
1201,273903
1202,273932
1203,273948
1204,273954
1205,273955
1206,273931
1207,273947
1208,273998
1209,274014
1210,274030
1211,274037
1212,274052
1213,274017
1214,273986
1215,273984
1216,274012
1217,273985
1218,274005
1219,274026
1220,274044
1221,274047
1222,274060
1223,274057
1224,274033
1225,273972
1226,273979
1227,273956
1228,273955
1229,273949
1230,273966
1231,273936
1232,273934
1233,273888
1234,273898
1235,273892
1236,273940
1237,273967
1238,273913
1239,273895
1240,273910
1241,273904
1242,273903
1243,273913
1244,273923
1245,273938
1246,273934
1247,273936
1248,273961
1249,273946
1250,273934
1251,273938
1252,273935
1253,273913
1254,273880
1255,273859
1256,273880
1257,273865
1258,273866
1259,273862
1260,273859
1261,273848
1262,273859
1263,273860
1264,273856
1265,273884
1266,273892
1267,273843
1268,273831
1269,273854
1270,273880
1271,273902
1272,273931
1273,273942
1274,273919
1275,273926
1276,273930
1277,273922
1278,273921
1279,273873
1280,273802
1281,273804
1282,273835
1283,273830
1284,273823
1285,273856
1286,273851
1287,273871
1288,273884
1289,273891
1290,273875
1291,273868
1292,273867
1293,273843
1294,273843
1295,273845
1296,273812
1297,273795
1298,273800
1299,273774
1300,273755
1301,273769
1302,273788
1303,273773
1304,273745
1305,273760
1306,273728
1307,273760
1308,273767
1309,273748
1310,273733
1311,273736
1312,273745
1313,273760
1314,273734
1315,273741
1316,273750
1317,273739
1318,273728
1319,273732
1320,273757
1321,273771
1322,273795
1323,273785
1324,273758
1325,273763
1326,273764
1327,273767
1328,273784
1329,273826
1330,273814
1331,273815
1332,273832
1333,273818
1334,273788
1335,273804
1336,273789
1337,273768
1338,273775
1339,273784
1340,273757
1341,273756
1342,273751
1343,273739
1344,273726
1345,273730
1346,273737
1347,273741
1348,273747
1349,273789
1350,273815
1351,273813
1352,273813
1353,273839
1354,273820
1355,273837
1356,273789
1357,273765
1358,273783
1359,273779
1360,273792
1361,273748
1362,273752
1363,273771
1364,273800
1365,273843
1366,273827
1367,273843
1368,273853
1369,273874
1370,273853
1371,273838
1372,273847
1373,273852
1374,273848
1375,273847
1376,273862
1377,273885
1378,273894
1379,273870
1380,273797
1381,273786
1382,273741
1383,273740
1384,273712
1385,273726
1386,273741
1387,273739
1388,273748
1389,273770
1390,273766
1391,273794
1392,273797
1393,273820
1394,273853
1395,273846
1396,273874
1397,273894
1398,273895
1399,273921
1400,273888
1401,273911
1402,273946
1403,273951
1404,273936
1405,273935
1406,273909
1407,273917
1408,273907
1409,273922
1410,273945
1411,273934
1412,273971
1413,273954
1414,273935
1415,273947
1416,273961
1417,273937
1418,273935
1419,273962
1420,273959
1421,273971
1422,273980
1423,273987
1424,274003
1425,274007
1426,273995
1427,274019
1428,274009
1429,273992
1430,274017
1431,274040
1432,273994
1433,273994
1434,274000
1435,273996
1436,274018
1437,274036
1438,274019
1439,274015
1440,274026
1441,274021
1442,274020
1443,274012
1444,274009
1445,274029
1446,274029
1447,274022
1448,274005
1449,274028
1450,274020
1451,274039
1452,274048
1453,274058
1454,274036
1455,273998
1456,274009
1457,274044
1458,274039
1459,274052
1460,274058
1461,274036
1462,274048
1463,274075
1464,274106
1465,274126
1466,274124
1467,274142
1468,274115
1469,274129
1470,274140
1471,274130
1472,274155
1473,274169
1474,274141
1475,274155
1476,274110
1477,274076
1478,274064
1479,274090
1480,274107
1481,274068
1482,274075
1483,274078
1484,274082
1485,274081
1486,274083
1487,274109
1488,274096
1489,274077
1490,274074
1491,274043
1492,274041
1493,274055
1494,274046
1495,274049
1496,274065
1497,274083
1498,274073
1499,274088
1500,274067
1501,274039
1502,274044
1503,274035
1504,274056
1505,274055
1506,274047
1507,274060
1508,274067
1509,274058
1510,274046
1511,274032
1512,274031
1513,274009
1514,274017
1515,274024
1516,274022
1517,274010
1518,274001
1519,273999
1520,274004
1521,274031
1522,274038
1523,274024
1524,274050
1525,274053
1526,274070
1527,274070
1528,274058
1529,274068
1530,274078
1531,274082
1532,274070
1533,274055
1534,274085
1535,274092
1536,274111
1537,274064
1538,274104
1539,274068
1540,274057
1541,274054
1542,274020
1543,274044
1544,274055
1545,274065
1546,274092
1547,274117
1548,274118
1549,274100
1550,274066
1551,274071
1552,274091
1553,274111
1554,274134
1555,274164
1556,274185
1557,274193
1558,274197
1559,274193
1560,274192
1561,274183
1562,274150
1563,274119
1564,274141
1565,274123
1566,274096
1567,274088
1568,274073
1569,274100
1570,274106
1571,274098
1572,274099
1573,274109
1574,274126
1575,274127
1576,274112
1577,274108
1578,274102
1579,274085
1580,274092
1581,274095
1582,274046
1583,274043
1584,274051
1585,274037
1586,274046
1587,274068
1588,274077
1589,274089
1590,274102
1591,274101
1592,274102
1593,274110
1594,274098
1595,274083
1596,274081
1597,274080
1598,274075
1599,274056
1600,274057
1601,274072
1602,274106
1603,274114
1604,274133
1605,274132
1606,274112
1607,274109
1608,274125
1609,274123
1610,274109
1611,274095
1612,274077
1613,274071
1614,274100
1615,274113
1616,274114
1617,274136
1618,274136
1619,274113
1620,274108
1621,274122
1622,274119
1623,274129
1624,274125
1625,274123
1626,274110
1627,274118
1628,274139
1629,274140
1630,274141
1631,274156
1632,274158
1633,274139
1634,274169
1635,274170
1636,274170
1637,274193
1638,274161
1639,274149
1640,274142
1641,274137
1642,274145
1643,274171
1644,274196
1645,274197
1646,274226
1647,274240
1648,274260
1649,274284
1650,274274
1651,274284
1652,274257
1653,274243
1654,274220
1655,274207
1656,274162
1657,274170
1658,274172
1659,274160
1660,274164
1661,274132
1662,274120
1663,274099
1664,274062
1665,274029
1666,274023
1667,273993
1668,274000
1669,273993
1670,274015
1671,274027
1672,274019
1673,273992
1674,274003
1675,274019
1676,274013
1677,274014
1678,274002
1679,273957
1680,273958
1681,273957
1682,273938
1683,273934
1684,273954
1685,273945
1686,273950
1687,273965
1688,273982
1689,273996
1690,273972
1691,273954
1692,273970
1693,273966
1694,273960
1695,273939
1696,273935
1697,273919
1698,273919
1699,273925
1700,273922
1701,273905
1702,273897
1703,273903
1704,273914
1705,273917
1706,273938
1707,273934
1708,273918
1709,273916
1710,273943
1711,273958
1712,273970
1713,273996
1714,273985
1715,273948
1716,273970
1717,273972
1718,273961
1719,273957
1720,273960
1721,273930
1722,273933
1723,273920
1724,273939
1725,273916
1726,273925
1727,273909
1728,273891
1729,273892
1730,273892
1731,273903
1732,273896
1733,273918
1734,273896
1735,273905
1736,273911
1737,273921
1738,273918
1739,273926
1740,273922
1741,273934
1742,273931
1743,273941
1744,273942
1745,273945
1746,273961
1747,273973
1748,273986
1749,273964
1750,273943
1751,273919
1752,273921
1753,273941
1754,273975
1755,273917
1756,273916
1757,273929
1758,273943
1759,273940
1760,273953
1761,273941
1762,273946
1763,273974
1764,273967
1765,273946
1766,273903
1767,273916
1768,273897
1769,273902
1770,273917
1771,273942
1772,273950
1773,273963
1774,273919
1775,273919
1776,273929
1777,273933
1778,273948
1779,273959
1780,273967
1781,273958
1782,273951
1783,273965
1784,273966
1785,273978
1786,273971
1787,273971
1788,273960
1789,273951
1790,273946
1791,273960
1792,273942
1793,273959
1794,273982
1795,273967
1796,273959
1797,273938
1798,273934
1799,273950
1800,273976
1801,273956
1802,273969
1803,273982
1804,274004
1805,274014
1806,274011
1807,274030
1808,274016
1809,273994
1810,274009
1811,274019
1812,274018
1813,274018
1814,274035
1815,274042
1816,274052
1817,274049
1818,274065
1819,274035
1820,274044
1821,274028
1822,274028
1823,274037
1824,274057
1825,274054
1826,274074
1827,274066
1828,274083
1829,274084
1830,274100
1831,274112
1832,274121
1833,274078
1834,274093
1835,274083
1836,274109
1837,274127
1838,274127
1839,274127
1840,274110
1841,274129
1842,274128
1843,274104
1844,274119
1845,274097
1846,274107
1847,274101
1848,274111
1849,274119
1850,274142
1851,274141
1852,274147
1853,274153
1854,274139
1855,274129
1856,274099
1857,274082
1858,274097
1859,274097
1860,274075
1861,274091
1862,274089
1863,274104
1864,274087
1865,274088
1866,274093
1867,274091
1868,274071
1869,274082
1870,274094
1871,274072
1872,274046
1873,274036
1874,274056
1875,274083
1876,274047
1877,274049
1878,274055
1879,274026
1880,274027
1881,274040
1882,274037
1883,273995
1884,273998
1885,273969
1886,273951
1887,273953
1888,273973
1889,273972
1890,273982
1891,274003
1892,273987
1893,274004
1894,274010
1895,274018
1896,273993
1897,274002
1898,274018
1899,274021
1900,274033
1901,274058
1902,274044
1903,274061
1904,274058
1905,274067
1906,274085
1907,274080
1908,274098
1909,274092
1910,274080
1911,274089
1912,274091
1913,274087
1914,274105
1915,274086
1916,274098
1917,274059
1918,274062
1919,274042
1920,274055
1921,274073
1922,274081
1923,274073
1924,274068
1925,274063
1926,274049
1927,274074
1928,274063
1929,274065
1930,274088
1931,274088
1932,274100
1933,274119
1934,274129
1935,274138
1936,274119
1937,274091
1938,274099
1939,274106
1940,274085
1941,274104
1942,274120
1943,274118
1944,274124
1945,274139
1946,274139
1947,274170
1948,274170
1949,274175
1950,274185
1951,274182
1952,274180
1953,274190
1954,274203
1955,274206
1956,274210
1957,274195
1958,274218
1959,274215
1960,274221
1961,274219
1962,274233
1963,274223
1964,274233
1965,274234
1966,274238
1967,274252
1968,274244
1969,274229
1970,274223
1971,274206
1972,274189
1973,274217
1974,274210
1975,274196
1976,274195
1977,274199
1978,274194
1979,274190
1980,274197
1981,274199
1982,274207
1983,274207
1984,274207
1985,274202
1986,274225
1987,274240
1988,274236
1989,274225
1990,274208
1991,274229
1992,274226
1993,274228
1994,274215
1995,274211
1996,274213
1997,274214
1998,274227
1999,274229
2000,274247
274247