1,27
2,81
3,153
4,168
5,162
6,175
7,158
8,182
9,171
10,153
11,147
12,153
13,145
14,152
15,142
16,145
17,142
18,138
19,150
20,152
21,150
22,149
23,147
24,148
25,149
26,147
27,145
28,144
29,145
30,140
31,146
32,150
33,152
34,153
35,155
36,157
37,159
38,157
39,153
40,152
41,156
42,156
43,153
44,154
45,156
46,156
47,152
48,154
49,155
50,155
51,156
52,159
53,162
54,165
55,168
56,171
57,173
58,173
59,172
60,173
61,174
62,172
63,171
64,172
65,172
66,173
67,177
68,177
69,176
70,177
71,177
72,177
73,174
74,172
75,174
76,172
77,171
78,173
79,171
80,171
81,172
82,172
83,170
84,172
85,172
86,172
87,173
88,173
89,172
90,172
91,171
92,171
93,172
94,172
95,172
96,171
97,172
98,172
99,172
100,172
101,171
102,171
103,169
104,169
105,170
106,169
107,170
108,170
109,169
110,171
111,171
112,169
113,170
114,170
115,170
116,169
117,170
118,170
119,169
120,168
121,168
122,168
123,167
124,166
125,167
126,166
127,166
128,166
129,166
130,166
131,167
132,167
133,166
134,166
135,166
136,165
137,165
138,165
139,165
140,165
141,164
142,164
143,164
144,163
145,163
146,163
147,163
148,162
149,163
150,162
151,163
152,165
153,165
154,165
155,165
156,165
157,166
158,166
159,165
160,166
161,166
162,165
163,165
164,165
165,164
166,165
167,166
168,165
169,166
170,165
171,166
172,167
173,166
174,166
175,166
176,165
177,165
178,165
179,166
180,166
181,166
182,165
183,165
184,165
185,165
186,165
187,165
188,165
189,166
190,165
191,165
192,165
193,166
194,166
195,166
196,166
197,166
198,165
199,165
200,165
201,166
202,166
203,165
204,165
205,165
206,165
207,165
208,164
209,164
210,164
211,165
212,164
213,164
214,164
215,164
216,164
217,164
218,164
219,164
220,164
221,164
222,165
223,164
224,164
225,164
226,163
227,163
228,163
229,163
230,163
231,163
232,163
233,163
234,163
235,163
236,163
237,163
238,163
239,164
240,164
241,164
242,165
243,165
244,164
245,164
246,164
247,165
248,165
249,165
250,165
251,165
252,165
253,165
254,165
255,165
256,165
257,164
258,165
259,165
260,165
261,165
262,166
263,166
264,165
265,166
266,166
267,166
268,165
269,165
270,166
271,166
272,167
273,167
274,167
275,167
276,166
277,166
278,165
279,165
280,165
281,165
282,165
283,165
284,165
285,165
286,164
287,165
288,165
289,165
290,165
291,165
292,165
293,164
294,164
295,164
296,164
297,164
298,164
299,163
300,164
301,164
302,163
303,163
304,163
305,163
306,163
307,162
308,162
309,162
310,162
311,162
312,162
313,162
314,163
315,163
316,163
317,163
318,163
319,163
320,164
321,163
322,163
323,163
324,163
325,163
326,163
327,162
328,162
329,162
330,162
331,162
332,162
333,162
334,163
335,163
336,163
337,163
338,163
339,163
340,162
341,162
342,161
343,161
344,162
345,162
346,162
347,161
348,162
349,162
350,162
351,162
352,162
353,163
354,163
355,163
356,163
357,163
358,163
359,163
360,163
361,163
362,162
363,163
364,163
365,162
366,163
367,163
368,163
369,163
370,163
371,163
372,163
373,163
374,163
375,163
376,163
377,163
378,164
379,163
380,163
381,163
382,163
383,163
384,163
385,163
386,163
387,162
388,162
389,162
390,162
391,162
392,162
393,162
394,162
395,162
396,163
397,162
398,162
399,162
400,162
401,163
402,162
403,162
404,162
405,162
406,162
407,163
408,163
409,163
410,163
411,163
412,163
413,163
414,163
415,163
416,164
417,164
418,164
419,164
420,164
421,164
422,163
423,163
424,163
425,163
426,163
427,163
428,163
429,163
430,163
431,164
432,164
433,164
434,163
435,163
436,164
437,164
438,164
439,164
440,164
441,164
442,164
443,164
444,164
445,164
446,163
447,163
448,163
449,163
450,163
451,163
452,163
453,163
454,163
455,163
456,163
457,163
458,163
459,163
460,163
461,163
462,163
463,162
464,163
465,162
466,162
467,162
468,162
469,162
470,162
471,163
472,162
473,163
474,162
475,162
476,163
477,163
478,162
479,163
480,163
481,163
482,162
483,162
484,162
485,162
486,162
487,162
488,162
489,163
490,163
491,162
492,163
493,163
494,162
495,162
496,162
497,162
498,163
499,162
500,163
501,163
502,162
503,163
504,162
505,162
506,162
507,163
508,163
509,163
510,163
511,163
512,163
513,163
514,163
515,163
516,163
517,163
518,163
519,163
520,163
521,163
522,163
523,163
524,163
525,164
526,164
527,164
528,163
529,163
530,163
531,163
532,163
533,163
534,163
535,163
536,163
537,164
538,164
539,163
540,164
541,163
542,164
543,163
544,164
545,164
546,164
547,164
548,164
549,164
550,164
551,163
552,163
553,163
554,164
555,164
556,164
557,164
558,165
559,165
560,164
561,164
562,164
563,164
564,164
565,164
566,164
567,164
568,164
569,164
570,164
571,164
572,164
573,164
574,164
575,164
576,164
577,165
578,164
579,164
580,164
581,164
582,164
583,164
584,164
585,164
586,164
587,165
588,165
589,164
590,164
591,165
592,164
593,164
594,164
595,165
596,164
597,164
598,165
599,165
600,165
601,164
602,164
603,164
604,164
605,164
606,164
607,164
608,164
609,164
610,164
611,164
612,164
613,164
614,164
615,164
616,164
617,164
618,164
619,164
620,164
621,164
622,164
623,164
624,164
625,164
626,164
627,164
628,164
629,164
630,164
631,164
632,163
633,163
634,163
635,164
636,164
637,164
638,164
639,163
640,163
641,163
642,163
643,162
644,162
645,162
646,162
647,162
648,163
649,162
650,162
651,162
652,162
653,163
654,162
655,162
656,162
657,162
658,162
659,163
660,162
661,162
662,162
663,162
664,162
665,162
666,162
667,162
668,162
669,162
670,161
671,162
672,162
673,162
674,162
675,162
676,162
677,162
678,162
679,162
680,162
681,162
682,162
683,162
684,162
685,162
686,161
687,161
688,161
689,162
690,162
691,162
692,162
693,161
694,161
695,161
696,161
697,161
698,161
699,161
700,161
701,161
702,161
703,161
704,161
705,161
706,161
707,161
708,161
709,161
710,161
711,161
712,161
713,161
714,161
715,161
716,161
717,161
718,161
719,161
720,161
721,161
722,161
723,161
724,161
725,161
726,161
727,161
728,161
729,161
730,161
731,161
732,161
733,161
734,160
735,160
736,160
737,160
738,160
739,160
740,160
741,160
742,160
743,160
744,160
745,160
746,160
747,160
748,160
749,160
750,160
751,160
752,160
753,160
754,160
755,160
756,160
757,160
758,160
759,160
760,160
761,160
762,160
763,160
764,160
765,160
766,160
767,160
768,160
769,160
770,160
771,160
772,160
773,160
774,160
775,160
776,160
777,160
778,160
779,160
780,160
781,160
782,160
783,160
784,160
785,160
786,160
787,160
788,159
789,160
790,160
791,160
792,160
793,160
794,160
795,160
796,160
797,160
798,160
799,160
800,160
801,160
802,160
803,160
804,160
805,160
806,160
807,160
808,160
809,160
810,160
811,160
812,159
813,160
814,160
815,160
816,160
817,160
818,160
819,160
820,160
821,160
822,160
823,160
824,160
825,160
826,160
827,160
828,160
829,160
830,160
831,160
832,160
833,160
834,160
835,160
836,160
837,160
838,160
839,160
840,160
841,160
842,160
843,160
844,159
845,159
846,159
847,160
848,160
849,160
850,160
851,160
852,160
853,160
854,160
855,160
856,160
857,160
858,160
859,160
860,160
861,160
862,160
863,160
864,160
865,160
866,160
867,160
868,160
869,160
870,160
871,160
872,160
873,160
874,160
875,160
876,160
877,160
878,160
879,160
880,160
881,160
882,160
883,161
884,161
885,160
886,160
887,160
888,160
889,160
890,160
891,160
892,160
893,160
894,160
895,160
896,160
897,160
898,160
899,160
900,160
901,160
902,160
903,160
904,160
905,160
906,160
907,160
908,160
909,160
910,160
911,160
912,160
913,160
914,160
915,160
916,160
917,159
918,160
919,160
920,160
921,160
922,160
923,160
924,160
925,160
926,160
927,160
928,160
929,160
930,160
931,160
932,160
933,160
934,160
935,160
936,160
937,160
938,160
939,160
940,160
941,160
942,160
943,160
944,160
945,159
946,159
947,159
948,159
949,159
950,159
951,159
952,159
953,159
954,159
955,159
956,159
957,159
958,159
959,159
960,159
961,159
962,159
963,159
964,159
965,159
966,159
967,159
968,159
969,159
970,159
971,159
972,159
973,159
974,159
975,159
976,159
977,159
978,159
979,159
980,159
981,159
982,159
983,159
984,159
985,159
986,159
987,159
988,159
989,159
990,159
991,159
992,159
993,159
994,160
995,160
996,159
997,159
998,159
999,160
1000,160
1001,160
1002,160
1003,160
1004,160
1005,160
1006,160
1007,160
1008,160
1009,160
1010,160
1011,160
1012,160
1013,160
1014,160
1015,160
1016,160
1017,160
1018,160
1019,160
1020,160
1021,160
1022,160
1023,160
1024,160
1025,160
1026,160
1027,160
1028,160
1029,160
1030,160
1031,160
1032,160
1033,160
1034,160
1035,160
1036,160
1037,160
1038,160
1039,160
1040,160
1041,160
1042,160
1043,160
1044,160
1045,160
1046,160
1047,160
1048,160
1049,160
1050,160
1051,160
1052,160
1053,160
1054,160
1055,160
1056,160
1057,160
1058,160
1059,160
1060,160
1061,160
1062,160
1063,160
1064,160
1065,160
1066,160
1067,161
1068,161
1069,161
1070,161
1071,160
1072,161
1073,161
1074,161
1075,161
1076,161
1077,161
1078,161
1079,161
1080,161
1081,161
1082,161
1083,160
1084,161
1085,161
1086,161
1087,161
1088,161
1089,161
1090,161
1091,161
1092,161
1093,161
1094,161
1095,161
1096,161
1097,161
1098,161
1099,161
1100,161
1101,161
1102,161
1103,161
1104,161
1105,161
1106,161
1107,162
1108,162
1109,162
1110,162
1111,162
1112,162
1113,162
1114,162
1115,162
1116,162
1117,162
1118,161
1119,161
1120,161
1121,161
1122,161
1123,161
1124,161
1125,161
1126,161
1127,161
1128,161
1129,161
1130,161
1131,161
1132,161
1133,161
1134,161
1135,161
1136,161
1137,161
1138,161
1139,161
1140,161
1141,161
1142,161
1143,161
1144,161
1145,161
1146,161
1147,161
1148,161
1149,161
1150,161
1151,161
1152,161
1153,161
1154,161
1155,161
1156,161
1157,161
1158,161
1159,161
1160,161
1161,161
1162,161
1163,161
1164,161
1165,160
1166,160
1167,160
1168,160
1169,160
1170,160
1171,160
1172,160
1173,160
1174,160
1175,160
1176,160
1177,160
1178,160
1179,160
1180,160
1181,160
1182,160
1183,160
1184,160
1185,160
1186,160
1187,160
1188,160
1189,160
1190,160
1191,160
1192,160
1193,160
1194,160
1195,160
1196,160
1197,160
1198,160
1199,160
1200,160
1201,160
1202,160
1203,160
1204,160
1205,160
1206,160
1207,160
1208,160
1209,160
1210,160
1211,160
1212,160
1213,160
1214,160
1215,160
1216,160
1217,160
1218,160
1219,160
1220,160
1221,160
1222,160
1223,160
1224,160
1225,160
1226,160
1227,160
1228,160
1229,160
1230,160
1231,160
1232,160
1233,160
1234,160
1235,160
1236,160
1237,160
1238,160
1239,160
1240,160
1241,160
1242,160
1243,160
1244,160
1245,160
1246,160
1247,160
1248,160
1249,160
1250,160
1251,160
1252,160
1253,160
1254,160
1255,160
1256,160
1257,160
1258,161
1259,161
1260,161
1261,161
1262,161
1263,161
1264,161
1265,161
1266,161
1267,161
1268,161
1269,161
1270,161
1271,161
1272,161
1273,161
1274,161
1275,161
1276,161
1277,161
1278,161
1279,161
1280,161
1281,161
1282,161
1283,161
1284,161
1285,160
1286,161
1287,160
1288,160
1289,160
1290,160
1291,160
1292,160
1293,160
1294,160
1295,160
1296,160
1297,160
1298,160
1299,160
1300,160
1301,160
1302,160
1303,160
1304,160
1305,160
1306,160
1307,160
1308,161
1309,160
1310,160
1311,160
1312,160
1313,160
1314,160
1315,160
1316,160
1317,160
1318,160
1319,160
1320,160
1321,160
1322,160
1323,160
1324,160
1325,161
1326,161
1327,161
1328,161
1329,161
1330,161
1331,161
1332,161
1333,161
1334,161
1335,161
1336,161
1337,161
1338,161
1339,161
1340,161
1341,161
1342,161
1343,161
1344,161
1345,160
1346,161
1347,161
1348,160
1349,160
1350,160
1351,160
1352,160
1353,160
1354,160
1355,160
1356,160
1357,160
1358,160
1359,160
1360,160
1361,160
1362,160
1363,160
1364,160
1365,160
1366,160
1367,160
1368,160
1369,160
1370,160
1371,160
1372,160
1373,160
1374,160
1375,160
1376,160
1377,160
1378,160
1379,160
1380,160
1381,160
1382,160
1383,160
1384,160
1385,160
1386,160
1387,160
1388,160
1389,160
1390,160
1391,160
1392,160
1393,160
1394,160
1395,160
1396,160
1397,160
1398,160
1399,160
1400,160
1401,160
1402,160
1403,160
1404,160
1405,160
1406,160
1407,160
1408,160
1409,160
1410,160
1411,160
1412,160
1413,160
1414,160
1415,160
1416,160
1417,160
1418,160
1419,160
1420,160
1421,160
1422,160
1423,160
1424,160
1425,160
1426,161
1427,161
1428,161
1429,161
1430,161
1431,161
1432,161
1433,161
1434,161
1435,161
1436,161
1437,161
1438,161
1439,161
1440,161
1441,161
1442,161
1443,161
1444,161
1445,161
1446,161
1447,161
1448,161
1449,161
1450,161
1451,161
1452,161
1453,161
1454,161
1455,161
1456,161
1457,161
1458,161
1459,161
1460,161
1461,161
1462,161
1463,162
1464,162
1465,161
1466,161
1467,162
1468,161
1469,161
1470,161
1471,161
1472,161
1473,161
1474,161
1475,161
1476,161
1477,161
1478,162
1479,162
1480,162
1481,162
1482,162
1483,162
1484,162
1485,162
1486,162
1487,162
1488,162
1489,162
1490,162
1491,162
1492,162
1493,162
1494,162
1495,162
1496,162
1497,162
1498,162
1499,162
1500,162
1501,162
1502,162
1503,162
1504,162
1505,162
1506,162
1507,162
1508,162
1509,162
1510,162
1511,162
1512,162
1513,162
1514,162
1515,162
1516,162
1517,162
1518,162
1519,162
1520,162
1521,162
1522,162
1523,162
1524,162
1525,162
1526,162
1527,162
1528,162
1529,162
1530,162
1531,162
1532,162
1533,162
1534,162
1535,162
1536,162
1537,162
1538,162
1539,162
1540,162
1541,162
1542,162
1543,162
1544,162
1545,162
1546,162
1547,162
1548,162
1549,162
1550,162
1551,162
1552,162
1553,162
1554,162
1555,162
1556,162
1557,162
1558,162
1559,162
1560,162
1561,162
1562,162
1563,162
1564,162
1565,162
1566,162
1567,162
1568,162
1569,162
1570,162
1571,162
1572,163
1573,163
1574,163
1575,163
1576,162
1577,162
1578,163
1579,163
1580,162
1581,163
1582,163
1583,163
1584,163
1585,163
1586,163
1587,163
1588,163
1589,163
1590,163
1591,163
1592,163
1593,163
1594,163
1595,163
1596,163
1597,163
1598,163
1599,163
1600,163
1601,163
1602,163
1603,163
1604,163
1605,163
1606,162
1607,163
1608,163
1609,163
1610,163
1611,163
1612,162
1613,163
1614,163
1615,163
1616,163
1617,163
1618,163
1619,163
1620,163
1621,163
1622,163
1623,163
1624,163
1625,163
1626,163
1627,163
1628,163
1629,163
1630,163
1631,163
1632,163
1633,163
1634,163
1635,163
1636,163
1637,163
1638,163
1639,163
1640,163
1641,163
1642,163
1643,163
1644,163
1645,163
1646,163
1647,163
1648,163
1649,163
1650,163
1651,163
1652,163
1653,163
1654,163
1655,164
1656,164
1657,163
1658,163
1659,163
1660,163
1661,163
1662,163
1663,163
1664,164
1665,163
1666,164
1667,164
1668,164
1669,164
1670,164
1671,164
1672,163
1673,164
1674,164
1675,164
1676,164
1677,164
1678,164
1679,163
1680,164
1681,164
1682,163
1683,163
1684,163
1685,163
1686,163
1687,163
1688,163
1689,163
1690,163
1691,163
1692,163
1693,163
1694,163
1695,163
1696,163
1697,163
1698,163
1699,163
1700,163
1701,163
1702,163
1703,163
1704,163
1705,163
1706,163
1707,163
1708,163
1709,163
1710,163
1711,163
1712,163
1713,163
1714,163
1715,163
1716,163
1717,163
1718,163
1719,163
1720,163
1721,163
1722,163
1723,163
1724,163
1725,163
1726,163
1727,163
1728,163
1729,163
1730,163
1731,164
1732,164
1733,164
1734,164
1735,164
1736,164
1737,164
1738,164
1739,164
1740,164
1741,164
1742,164
1743,164
1744,164
1745,164
1746,164
1747,164
1748,164
1749,164
1750,164
1751,164
1752,164
1753,164
1754,164
1755,164
1756,164
1757,164
1758,164
1759,164
1760,163
1761,163
1762,163
1763,163
1764,163
1765,163
1766,163
1767,163
1768,163
1769,163
1770,163
1771,164
1772,164
1773,164
1774,164
1775,164
1776,164
1777,164
1778,164
1779,164
1780,164
1781,164
1782,164
1783,164
1784,164
1785,164
1786,164
1787,164
1788,164
1789,164
1790,164
1791,164
1792,164
1793,164
1794,164
1795,164
1796,164
1797,164
1798,164
1799,164
1800,164
1801,164
1802,164
1803,164
1804,164
1805,164
1806,164
1807,164
1808,164
1809,164
1810,163
1811,163
1812,163
1813,163
1814,163
1815,163
1816,163
1817,163
1818,163
1819,163
1820,163
1821,163
1822,163
1823,163
1824,163
1825,163
1826,163
1827,163
1828,163
1829,163
1830,163
1831,163
1832,163
1833,163
1834,163
1835,163
1836,163
1837,163
1838,163
1839,163
1840,163
1841,163
1842,163
1843,163
1844,163
1845,163
1846,163
1847,163
1848,163
1849,163
1850,163
1851,163
1852,163
1853,163
1854,163
1855,163
1856,163
1857,163
1858,163
1859,163
1860,163
1861,163
1862,163
1863,163
1864,163
1865,163
1866,163
1867,163
1868,163
1869,163
1870,163
1871,163
1872,163
1873,163
1874,163
1875,164
1876,164
1877,163
1878,164
1879,163
1880,163
1881,163
1882,163
1883,163
1884,163
1885,163
1886,163
1887,163
1888,163
1889,163
1890,163
1891,163
1892,163
1893,163
1894,163
1895,163
1896,163
1897,163
1898,163
1899,163
1900,163
1901,163
1902,163
1903,163
1904,163
1905,164
1906,163
1907,163
1908,164
1909,164
1910,164
1911,164
1912,164
1913,164
1914,164
1915,164
1916,164
1917,164
1918,164
1919,164
1920,164
1921,164
1922,164
1923,164
1924,164
1925,164
1926,164
1927,164
1928,164
1929,164
1930,164
1931,164
1932,164
1933,164
1934,164
1935,164
1936,164
1937,164
1938,163
1939,163
1940,163
1941,163
1942,163
1943,163
1944,163
1945,163
1946,163
1947,164
1948,164
1949,164
1950,164
1951,164
1952,164
1953,164
1954,163
1955,163
1956,163
1957,163
1958,163
1959,163
1960,163
1961,163
1962,163
1963,164
1964,164
1965,164
1966,164
1967,164
1968,164
1969,164
1970,164
1971,164
1972,164
1973,164
1974,164
1975,164
1976,164
1977,164
1978,164
1979,164
1980,164
1981,164
1982,164
1983,164
1984,164
1985,164
1986,164
1987,164
1988,164
1989,164
1990,164
1991,164
1992,164
1993,164
1994,164
1995,164
1996,164
1997,164
1998,164
1999,164
2000,164
164