1,315392
2,295552
3,289365
4,307072
5,296140
6,296405
7,304932
8,294912
9,291128
10,287795
11,283671
12,287765
13,293494
14,286171
15,285781
16,287184
17,289114
18,287800
19,285251
20,283379
21,286793
22,286149
23,287131
24,287712
25,288512
26,288364
27,288739
28,284681
29,287540
30,287735
31,287644
32,285200
33,285533
34,287623
35,287451
36,287644
37,286540
38,284597
39,283319
40,284019
41,284890
42,283355
43,283118
44,282984
45,282578
46,282969
47,282117
48,280789
49,279269
50,280780
51,280445
52,278754
53,279943
54,279717
55,279668
56,279346
57,279313
58,279741
59,281487
60,280921
61,280685
62,281174
63,281384
64,281208
65,280863
66,280428
67,279697
68,280056
69,280119
70,280448
71,279699
72,278129
73,278149
74,276642
75,277224
76,277372
77,278328
78,278432
79,278553
80,278608
81,278237
82,277741
83,277821
84,277065
85,277199
86,276959
87,277156
88,278024
89,276922
90,277222
91,277053
92,277008
93,277633
94,278100
95,278024
96,277850
97,278190
98,278211
99,279065
100,278010
101,277836
102,278144
103,278204
104,278375
105,277635
106,277617
107,277513
108,278395
109,278537
110,277804
111,277792
112,278123
113,277812
114,276706
115,276355
116,276828
117,276714
118,276473
119,276615
120,276842
121,277209
122,277648
123,277337
124,278055
125,278061
126,278247
127,277717
128,276380
129,277097
130,277301
131,277488
132,277568
133,277663
134,277051
135,276880
136,276679
137,277238
138,276878
139,276614
140,276463
141,276269
142,276523
143,276426
144,276357
145,276518
146,277120
147,276938
148,276876
149,277131
150,277230
151,277029
152,276737
153,277174
154,276649
155,276423
156,275529
157,275883
158,275987
159,276927
160,276772
161,276437
162,276668
163,276911
164,276545
165,276466
166,276766
167,276165
168,276710
169,276467
170,276570
171,276268
172,276201
173,275831
174,276150
175,276832
176,277230
177,277259
178,277023
179,277398
180,277488
181,277389
182,276806
183,276754
184,276733
185,276711
186,276729
187,276349
188,276486
189,276749
190,277316
191,276829
192,277094
193,277080
194,277905
195,278266
196,278127
197,278143
198,278343
199,278030
200,277781
201,277731
202,277523
203,277520
204,277089
205,277086
206,277390
207,277511
208,277720
209,277339
210,277677
211,276926
212,277273
213,277388
214,276903
215,276834
216,276629
217,276576
218,276483
219,276263
220,276237
221,275948
222,276277
223,276360
224,276084
225,275848
226,275603
227,276124
228,276262
229,276410
230,276133
231,275738
232,275741
233,275924
234,276263
235,276361
236,276114
237,276091
238,275826
239,275490
240,275587
241,275710
242,275731
243,275858
244,275679
245,275801
246,275539
247,275437
248,275674
249,275414
250,275175
251,275006
252,275558
253,275572
254,276099
255,275796
256,275595
257,275707
258,275279
259,275340
260,275413
261,275130
262,275300
263,275549
264,275633
265,275737
266,275832
267,276023
268,275966
269,276075
270,275889
271,275519
272,275334
273,275444
274,275404
275,275348
276,275333
277,274930
278,274699
279,274621
280,274877
281,274908
282,275084
283,275061
284,274776
285,274807
286,274181
287,274131
288,274203
289,274203
290,273673
291,273573
292,273800
293,273808
294,273556
295,273313
296,273357
297,273375
298,273332
299,273329
300,273539
301,273726
302,273831
303,273492
304,273403
305,273444
306,273398
307,273653
308,273661
309,273716
310,273683
311,273803
312,273851
313,273857
314,273644
315,273230
316,273273
317,273531
318,273438
319,273521
320,273887
321,274160
322,274098
323,274532
324,274615
325,274580
326,275045
327,274969
328,274952
329,275154
330,275081
331,275008
332,275146
333,275260
334,275305
335,274950
336,275104
337,275463
338,275648
339,275596
340,275463
341,275272
342,275208
343,275560
344,275429
345,275196
346,275301
347,275068
348,275046
349,275093
350,275223
351,275368
352,275360
353,275368
354,275356
355,275117
356,274833
357,274822
358,274930
359,274822
360,274869
361,275047
362,275062
363,275173
364,275210
365,275214
366,275243
367,275313
368,275005
369,275150
370,275033
371,275335
372,275579
373,275693
374,275544
375,275365
376,275292
377,275343
378,275374
379,275439
380,275622
381,275485
382,275484
383,275431
384,275716
385,275561
386,275558
387,275822
388,275908
389,275692
390,275746
391,275743
392,275914
393,276048
394,276166
395,276130
396,276047
397,276037
398,275841
399,275794
400,275753
401,275779
402,275511
403,275400
404,275663
405,275885
406,275867
407,275918
408,275809
409,275817
410,276038
411,275957
412,276038
413,276074
414,276067
415,275997
416,276064
417,276161
418,276203
419,276158
420,276122
421,276055
422,276105
423,276140
424,276373
425,276529
426,276492
427,276234
428,276294
429,276417
430,276344
431,276435
432,276585
433,276698
434,276603
435,276383
436,276121
437,276174
438,276173
439,276114
440,275963
441,275706
442,275740
443,275617
444,275584
445,275675
446,275650
447,275555
448,275450
449,275620
450,275594
451,275358
452,275393
453,275136
454,275115
455,274931
456,274562
457,274629
458,274502
459,274534
460,274611
461,274554
462,274419
463,274281
464,274398
465,274322
466,274154
467,274112
468,274271
469,274111
470,274046
471,274130
472,273999
473,274045
474,274131
475,274047
476,273950
477,273898
478,274066
479,273876
480,273902
481,273860
482,273702
483,273476
484,273477
485,273677
486,273588
487,273580
488,273585
489,273827
490,273959
491,273695
492,273720
493,273570
494,273557
495,273602
496,273493
497,273503
498,273484
499,273614
500,273553
501,273546
502,273511
503,273520
504,273477
505,273325
506,273231
507,273219
508,273146
509,273134
510,272968
511,272928
512,272808
513,272793
514,272541
515,272365
516,272440
517,272350
518,272399
519,272464
520,272497
521,272505
522,272439
523,272413
524,272287
525,272300
526,272131
527,272369
528,272437
529,272540
530,272678
531,272688
532,272968
533,273042
534,272910
535,272875
536,272878
537,272819
538,272817
539,272805
540,272842
541,272805
542,272904
543,272944
544,272982
545,272886
546,272834
547,272748
548,272844
549,272821
550,272778
551,272771
552,272914
553,272816
554,272926
555,273044
556,272893
557,273196
558,273000
559,273038
560,272923
561,273038
562,273077
563,273247
564,272986
565,273036
566,273222
567,273044
568,272924
569,272864
570,272803
571,272895
572,272949
573,272850
574,272918
575,272860
576,272732
577,272962
578,272979
579,273019
580,273110
581,273137
582,273104
583,273042
584,272867
585,272823
586,272811
587,272846
588,272976
589,272912
590,272978
591,272857
592,272860
593,272922
594,273003
595,273025
596,273036
597,273214
598,273060
599,272975
600,272799
601,272664
602,272653
603,272762
604,272784
605,272814
606,272885
607,273041
608,273045
609,272993
610,272785
611,272811
612,272791
613,272932
614,272716
615,272888
616,272781
617,272979
618,272950
619,273079
620,273039
621,273063
622,273184
623,273294
624,273321
625,273284
626,273304
627,273173
628,273237
629,273434
630,273467
631,273523
632,273646
633,273666
634,273738
635,273726
636,273821
637,273763
638,273881
639,273873
640,273887
641,273961
642,273897
643,273885
644,273977
645,274052
646,274195
647,274182
648,274309
649,274368
650,274357
651,274411
652,274465
653,274510
654,274445
655,274481
656,274459
657,274360
658,274465
659,274504
660,274472
661,274548
662,274434
663,274549
664,274413
665,274312
666,274339
667,274383
668,274265
669,274339
670,274372
671,274370
672,274376
673,274347
674,274406
675,274490
676,274427
677,274535
678,274653
679,274665
680,274717
681,274533
682,274581
683,274593
684,274547
685,274570
686,274520
687,274448
688,274322
689,274238
690,274289
691,274284
692,274258
693,274220
694,274182
695,274111
696,273998
697,274151
698,274165
699,274157
700,274113
701,274076
702,274295
703,274376
704,274437
705,274544
706,274477
707,274381
708,274396
709,274367
710,274302
711,274148
712,274199
713,274259
714,274324
715,274331
716,274423
717,274426
718,274401
719,274386
720,274452
721,274561
722,274458
723,274510
724,274603
725,274569
726,274499
727,274419
728,274554
729,274521
730,274482
731,274430
732,274471
733,274550
734,274433
735,274457
736,274559
737,274502
738,274444
739,274367
740,274379
741,274454
742,274393
743,274355
744,274336
745,274337
746,274353
747,274445
748,274606
749,274584
750,274779
751,274766
752,274611
753,274515
754,274421
755,274429
756,274259
757,274082
758,274236
759,274268
760,274285
761,274250
762,274134
763,274190
764,274274
765,274284
766,274303
767,274297
768,274337
769,274281
770,274274
771,274232
772,274241
773,274117
774,274039
775,274006
776,273986
777,273950
778,274030
779,274151
780,274167
781,274015
782,274056
783,274055
784,274068
785,274090
786,274032
787,274004
788,273966
789,273980
790,274015
791,273995
792,273952
793,273926
794,274087
795,274162
796,274186
797,274116
798,274003
799,274013
800,273973
801,273863
802,273859
803,273892
804,273918
805,273972
806,273985
807,273952
808,273987
809,274060
810,273968
811,274027
812,274123
813,274087
814,274260
815,274203
816,274108
817,274076
818,274052
819,273930
820,273986
821,273865
822,273887
823,273993
824,274051
825,274093
826,273942
827,273929
828,273984
829,274040
830,274036
831,274051
832,273978
833,273936
834,273965
835,273900
836,273972
837,273920
838,273863
839,273825
840,273862
841,273923
842,273742
843,273631
844,273585
845,273598
846,273642
847,273688
848,273686
849,273733
850,273707
851,273764
852,273736
853,273637
854,273777
855,273794
856,273812
857,273728
858,273816
859,273831
860,273820
861,273720
862,273861
863,273885
864,273935
865,273931
866,273872
867,274018
868,274076
869,274025
870,273984
871,274019
872,274172
873,274217
874,274325
875,274376
876,274410
877,274371
878,274456
879,274327
880,274281
881,274275
882,274340
883,274348
884,274425
885,274335
886,274382
887,274325
888,274341
889,274292
890,274355
891,274407
892,274378
893,274320
894,274287
895,274413
896,274325
897,274426
898,274406
899,274445
900,274528
901,274533
902,274503
903,274583
904,274580
905,274656
906,274630
907,274603
908,274616
909,274595
910,274453
911,274391
912,274419
913,274260
914,274349
915,274409
916,274366
917,274350
918,274346
919,274384
920,274336
921,274324
922,274277
923,274224
924,274269
925,274193
926,274235
927,274135
928,274121
929,274129
930,274118
931,274012
932,273989
933,273962
934,273887
935,273956
936,273993
937,273926
938,273963
939,273980
940,273931
941,273824
942,273988
943,273988
944,274095
945,274063
946,274065
947,274004
948,273967
949,273936
950,273929
951,273949
952,274040
953,274100
954,274082
955,274062
956,274056
957,274028
958,274066
959,274063
960,274101
961,274128
962,274018
963,273964
964,273958
965,273958
966,273955
967,274001
968,273951
969,273904
970,273986
971,273973
972,274000
973,274004
974,274094
975,274125
976,274117
977,274053
978,274044
979,274170
980,274134
981,274119
982,274121
983,274109
984,274090
985,274050
986,274017
987,274036
988,273999
989,274018
990,273982
991,273979
992,273943
993,273875
994,273985
995,274020
996,273921
997,273965
998,274083
999,274160
1000,274102
1001,274049
1002,274065
1003,274121
1004,274136
1005,274135
1006,274085
1007,274118
1008,274174
1009,274122
1010,274184
1011,274183
1012,274207
1013,274171
1014,274155
1015,274195
1016,274186
1017,274149
1018,274035
1019,274001
1020,273976
1021,273931
1022,273945
1023,273926
1024,273913
1025,274069
1026,274093
1027,274131
1028,274140
1029,274158
1030,274026
1031,274021
1032,274037
1033,274098
1034,274144
1035,274123
1036,274161
1037,274103
1038,274102
1039,274027
1040,273987
1041,274021
1042,273995
1043,273898
1044,273838
1045,273825
1046,273883
1047,273887
1048,273853
1049,273912
1050,273880
1051,273788
1052,273741
1053,273764
1054,273784
1055,273698
1056,273654
1057,273779
1058,273776
1059,273783
1060,273794
1061,273853
1062,273800
1063,273904
1064,273899
1065,273943
1066,273928
1067,273950
1068,274002
1069,273983
1070,274015
1071,274019
1072,273970
1073,273924
1074,273870
1075,273894
1076,273979
1077,273926
1078,273994
1079,273973
1080,273941
1081,273882
1082,273933
1083,273913
1084,273896
1085,273943
1086,273927
1087,273982
1088,274087
1089,274138
1090,274140
1091,274169
1092,274103
1093,273995
1094,273950
1095,273952
1096,274081
1097,274113
1098,274252
1099,274321
1100,274243
1101,274339
1102,274346
1103,274322
1104,274348
1105,274295
1106,274384
1107,274446
1108,274420
1109,274468
1110,274549
1111,274558
1112,274510
1113,274518
1114,274538
1115,274589
1116,274580
1117,274626
1118,274631
1119,274582
1120,274582
1121,274507
1122,274502
1123,274535
1124,274552
1125,274519
1126,274534
1127,274601
1128,274534
1129,274565
1130,274631
1131,274604
1132,274646
1133,274719
1134,274741
1135,274871
1136,274838
1137,274846
1138,274982
1139,274957
1140,274924
1141,274949
1142,274913
1143,274928
1144,274920
1145,274870
1146,274872
1147,274907
1148,274948
1149,274993
1150,274952
1151,275000
1152,274999
1153,274987
1154,274992
1155,275058
1156,275124
1157,275153
1158,275094
1159,275116
1160,275105
1161,275079
1162,275072
1163,274993
1164,274957
1165,274936
1166,274938
1167,274880
1168,274907
1169,274945
1170,274877
1171,274886
1172,274845
1173,274846
1174,274844
1175,274839
1176,274794
1177,274760
1178,274792
1179,274819
1180,274870
1181,274903
1182,274873
1183,274941
1184,274910
1185,274948
1186,274958
1187,274992
1188,274985
1189,274946
1190,274942
1191,274985
1192,274977
1193,274973
1194,274954
1195,274950
1196,274878
1197,274926
1198,274899
1199,274938
1200,274992
1201,274957
1202,274848
1203,274873
1204,274873
1205,274884
1206,274890
1207,274825
1208,274801
1209,274825
1210,274708
1211,274775
1212,274872
1213,274896
1214,274939
1215,274903
1216,274937
1217,274879
1218,274860
1219,274913
1220,274882
1221,274931
1222,274928
1223,274892
1224,274917
1225,274901
1226,274919
1227,274843
1228,274836
1229,274814
1230,274816
1231,274862
1232,274794
1233,274747
1234,274760
1235,274744
1236,274778
1237,274758
1238,274807
1239,274759
1240,274813
1241,274780
1242,274831
1243,274881
1244,274835
1245,274815
1246,274830
1247,274787
1248,274805
1249,274840
1250,274788
1251,274795
1252,274743
1253,274738
1254,274762
1255,274825
1256,274775
1257,274755
1258,274744
1259,274807
1260,274781
1261,274751
1262,274727
1263,274719
1264,274720
1265,274849
1266,274840
1267,274801
1268,274916
1269,274890
1270,274862
1271,274758
1272,274663
1273,274667
1274,274741
1275,274764
1276,274774
1277,274843
1278,274834
1279,274806
1280,274870
1281,274843
1282,274791
1283,274815
1284,274834
1285,274804
1286,274810
1287,274909
1288,274877
1289,274827
1290,274827
1291,274752
1292,274791
1293,274745
1294,274848
1295,274880
1296,274942
1297,274925
1298,274958
1299,274936
1300,274931
1301,274817
1302,274855
1303,274866
1304,274779
1305,274829
1306,274853
1307,274800
1308,274769
1309,274737
1310,274723
1311,274716
1312,274695
1313,274687
1314,274715
1315,274721
1316,274764
1317,274789
1318,274797
1319,274760
1320,274707
1321,274749
1322,274771
1323,274777
1324,274827
1325,274779
1326,274718
1327,274738
1328,274628
1329,274669
1330,274654
1331,274657
1332,274651
1333,274699
1334,274691
1335,274669
1336,274703
1337,274636
1338,274661
1339,274717
1340,274683
1341,274675
1342,274610
1343,274601
1344,274575
1345,274530
1346,274572
1347,274577
1348,274567
1349,274576
1350,274552
1351,274487
1352,274475
1353,274479
1354,274507
1355,274457
1356,274442
1357,274450
1358,274416
1359,274396
1360,274340
1361,274329
1362,274344
1363,274383
1364,274392
1365,274396
1366,274396
1367,274435
1368,274459
1369,274430
1370,274492
1371,274522
1372,274559
1373,274577
1374,274527
1375,274544
1376,274554
1377,274613
1378,274526
1379,274522
1380,274523
1381,274491
1382,274576
1383,274635
1384,274618
1385,274614
1386,274549
1387,274542
1388,274548
1389,274612
1390,274689
1391,274690
1392,274708
1393,274735
1394,274795
1395,274733
1396,274769
1397,274807
1398,274893
1399,274872
1400,274858
1401,274849
1402,274824
1403,274839
1404,274943
1405,274890
1406,274855
1407,274887
1408,274952
1409,274921
1410,274896
1411,274929
1412,274940
1413,274931
1414,274908
1415,274884
1416,274909
1417,274838
1418,274800
1419,274851
1420,274869
1421,274806
1422,274781
1423,274764
1424,274784
1425,274865
1426,274875
1427,274877
1428,274905
1429,274905
1430,274882
1431,274874
1432,274845
1433,274802
1434,274797
1435,274780
1436,274793
1437,274739
1438,274704
1439,274713
1440,274702
1441,274754
1442,274757
1443,274762
1444,274775
1445,274769
1446,274811
1447,274783
1448,274754
1449,274680
1450,274648
1451,274644
1452,274634
1453,274590
1454,274541
1455,274581
1456,274612
1457,274660
1458,274718
1459,274695
1460,274680
1461,274623
1462,274563
1463,274544
1464,274567
1465,274537
1466,274564
1467,274605
1468,274562
1469,274548
1470,274512
1471,274562
1472,274585
1473,274633
1474,274608
1475,274605
1476,274574
1477,274494
1478,274484
1479,274510
1480,274479
1481,274466
1482,274467
1483,274449
1484,274407
1485,274523
1486,274566
1487,274521
1488,274533
1489,274537
1490,274610
1491,274587
1492,274550
1493,274614
1494,274562
1495,274588
1496,274613
1497,274613
1498,274618
1499,274616
1500,274597
1501,274528
1502,274533
1503,274432
1504,274470
1505,274412
1506,274448
1507,274437
1508,274439
1509,274456
1510,274427
1511,274365
1512,274327
1513,274288
1514,274253
1515,274261
1516,274259
1517,274186
1518,274171
1519,274190
1520,274097
1521,274092
1522,274071
1523,274066
1524,274099
1525,274123
1526,274094
1527,274097
1528,274044
1529,274052
1530,274058
1531,274045
1532,274129
1533,274158
1534,274180
1535,274157
1536,274180
1537,274210
1538,274227
1539,274250
1540,274191
1541,274177
1542,274193
1543,274224
1544,274222
1545,274228
1546,274161
1547,274183
1548,274250
1549,274337
1550,274345
1551,274364
1552,274349
1553,274324
1554,274325
1555,274359
1556,274334
1557,274320
1558,274287
1559,274292
1560,274291
1561,274227
1562,274159
1563,274132
1564,274090
1565,273989
1566,273947
1567,273909
1568,273930
1569,273883
1570,273830
1571,273846
1572,273901
1573,273878
1574,273864
1575,273807
1576,273834
1577,273847
1578,273870
1579,273917
1580,273890
1581,273915
1582,273964
1583,273997
1584,273980
1585,273981
1586,273969
1587,273999
1588,274025
1589,273994
1590,274022
1591,273995
1592,274057
1593,274052
1594,274043
1595,274009
1596,274003
1597,274009
1598,273936
1599,273878
1600,273857
1601,273873
1602,273882
1603,273840
1604,273842
1605,273817
1606,273833
1607,273837
1608,273729
1609,273668
1610,273637
1611,273700
1612,273667
1613,273660
1614,273646
1615,273675
1616,273631
1617,273654
1618,273631
1619,273643
1620,273594
1621,273567
1622,273542
1623,273519
1624,273490
1625,273489
1626,273445
1627,273412
1628,273382
1629,273345
1630,273357
1631,273344
1632,273359
1633,273332
1634,273305
1635,273375
1636,273398
1637,273351
1638,273378
1639,273347
1640,273410
1641,273446
1642,273456
1643,273503
1644,273544
1645,273552
1646,273562
1647,273591
1648,273629
1649,273614
1650,273579
1651,273571
1652,273604
1653,273620
1654,273595
1655,273568
1656,273537
1657,273549
1658,273568
1659,273613
1660,273625
1661,273623
1662,273626
1663,273571
1664,273596
1665,273560
1666,273566
1667,273613
1668,273534
1669,273581
1670,273596
1671,273628
1672,273572
1673,273535
1674,273533
1675,273491
1676,273470
1677,273413
1678,273436
1679,273411
1680,273368
1681,273389
1682,273368
1683,273385
1684,273356
1685,273387
1686,273366
1687,273340
1688,273306
1689,273281
1690,273249
1691,273229
1692,273290
1693,273300
1694,273260
1695,273326
1696,273342
1697,273344
1698,273396
1699,273419
1700,273478
1701,273505
1702,273497
1703,273485
1704,273463
1705,273426
1706,273406
1707,273398
1708,273430
1709,273410
1710,273371
1711,273440
1712,273391
1713,273403
1714,273433
1715,273382
1716,273302
1717,273241
1718,273264
1719,273263
1720,273267
1721,273206
1722,273183
1723,273192
1724,273190
1725,273212
1726,273254
1727,273230
1728,273231
1729,273186
1730,273123
1731,273141
1732,273069
1733,273094
1734,273097
1735,273168
1736,273198
1737,273197
1738,273209
1739,273212
1740,273210
1741,273217
1742,273257
1743,273256
1744,273161
1745,273144
1746,273122
1747,273126
1748,273088
1749,273101
1750,273107
1751,273096
1752,273107
1753,273109
1754,273124
1755,273075
1756,273094
1757,273101
1758,273168
1759,273168
1760,273205
1761,273207
1762,273251
1763,273291
1764,273328
1765,273292
1766,273297
1767,273297
1768,273337
1769,273312
1770,273284
1771,273328
1772,273358
1773,273349
1774,273391
1775,273413
1776,273351
1777,273351
1778,273352
1779,273333
1780,273286
1781,273261
1782,273247
1783,273255
1784,273257
1785,273259
1786,273248
1787,273271
1788,273286
1789,273244
1790,273275
1791,273288
1792,273278
1793,273292
1794,273281
1795,273255
1796,273237
1797,273215
1798,273182
1799,273154
1800,273151
1801,273148
1802,273152
1803,273140
1804,273135
1805,273178
1806,273144
1807,273170
1808,273191
1809,273184
1810,273113
1811,273128
1812,273088
1813,273045
1814,273094
1815,273077
1816,273088
1817,273078
1818,273037
1819,273031
1820,273081
1821,273112
1822,273104
1823,273064
1824,273090
1825,273035
1826,273031
1827,273049
1828,273076
1829,273054
1830,273014
1831,273009
1832,272996
1833,273007
1834,273020
1835,272989
1836,272968
1837,272979
1838,273018
1839,272988
1840,272958
1841,272913
1842,272921
1843,272930
1844,272918
1845,272946
1846,272985
1847,272973
1848,272958
1849,272975
1850,273012
1851,272981
1852,273014
1853,272993
1854,272944
1855,272922
1856,272952
1857,273019
1858,273041
1859,273036
1860,273059
1861,273103
1862,273023
1863,273046
1864,273061
1865,273092
1866,273090
1867,273086
1868,273106
1869,273069
1870,273108
1871,273033
1872,273078
1873,273049
1874,273102
1875,273129
1876,273110
1877,273128
1878,273115
1879,273154
1880,273137
1881,273057
1882,273097
1883,273117
1884,273126
1885,273112
1886,273146
1887,273077
1888,273097
1889,273142
1890,273097
1891,273060
1892,273028
1893,273085
1894,273029
1895,273048
1896,273055
1897,273029
1898,273038
1899,273018
1900,273029
1901,273029
1902,273064
1903,273020
1904,273026
1905,273028
1906,273041
1907,273044
1908,273072
1909,273035
1910,273001
1911,273044
1912,273062
1913,273068
1914,273036
1915,272997
1916,272976
1917,272980
1918,273006
1919,272984
1920,273015
1921,272995
1922,272990
1923,272986
1924,272977
1925,272971
1926,272958
1927,272955
1928,272999
1929,273006
1930,272976
1931,272954
1932,272913
1933,272952
1934,272972
1935,272999
1936,273031
1937,273049
1938,273096
1939,273063
1940,273023
1941,273049
1942,273050
1943,273077
1944,273040
1945,272999
1946,272995
1947,272995
1948,273002
1949,273024
1950,273030
1951,273008
1952,273009
1953,272958
1954,272944
1955,272956
1956,272961
1957,272989
1958,272995
1959,273014
1960,273067
1961,273002
1962,273001
1963,273016
1964,273048
1965,273020
1966,273049
1967,273092
1968,273091
1969,273060
1970,273059
1971,273016
1972,273032
1973,272966
1974,272951
1975,272953
1976,273004
1977,272985
1978,273032
1979,273022
1980,273042
1981,273067
1982,273115
1983,273079
1984,273153
1985,273145
1986,273181
1987,273259
1988,273286
1989,273238
1990,273229
1991,273241
1992,273212
1993,273171
1994,273207
1995,273253
1996,273262
1997,273272
1998,273302
1999,273285
2000,273317
273317