1,2565
2,2187
3,1791
4,1977
5,1841
6,1782
7,1839
8,1852
9,1821
10,1779
11,1693
12,1694
13,1671
14,1629
15,1654
16,1675
17,1624
18,1630
19,1621
20,1633
21,1672
22,1677
23,1658
24,1675
25,1648
26,1631
27,1620
28,1603
29,1602
30,1602
31,1624
32,1625
33,1620
34,1625
35,1631
36,1647
37,1655
38,1666
39,1669
40,1685
41,1694
42,1690
43,1679
44,1676
45,1680
46,1671
47,1678
48,1680
49,1682
50,1672
51,1683
52,1683
53,1688
54,1682
55,1668
56,1662
57,1667
58,1674
59,1668
60,1676
61,1683
62,1677
63,1681
64,1687
65,1686
66,1689
67,1693
68,1693
69,1701
70,1707
71,1709
72,1702
73,1693
74,1694
75,1683
76,1684
77,1684
78,1689
79,1689
80,1686
81,1685
82,1684
83,1684
84,1693
85,1697
86,1696
87,1708
88,1694
89,1684
90,1681
91,1677
92,1680
93,1678
94,1675
95,1675
96,1675
97,1676
98,1679
99,1680
100,1676
101,1678
102,1675
103,1668
104,1663
105,1659
106,1659
107,1659
108,1658
109,1657
110,1658
111,1661
112,1658
113,1658
114,1659
115,1668
116,1671
117,1670
118,1668
119,1673
120,1672
121,1669
122,1663
123,1671
124,1669
125,1673
126,1675
127,1677
128,1681
129,1683
130,1684
131,1683
132,1684
133,1687
134,1687
135,1689
136,1692
137,1689
138,1692
139,1691
140,1691
141,1692
142,1694
143,1695
144,1697
145,1696
146,1692
147,1691
148,1691
149,1693
150,1694
151,1694
152,1695
153,1695
154,1695
155,1692
156,1691
157,1694
158,1693
159,1693
160,1699
161,1700
162,1701
163,1700
164,1704
165,1702
166,1703
167,1704
168,1703
169,1703
170,1707
171,1706
172,1709
173,1708
174,1707
175,1711
176,1710
177,1714
178,1712
179,1710
180,1709
181,1704
182,1705
183,1702
184,1706
185,1704
186,1702
187,1697
188,1695
189,1698
190,1700
191,1701
192,1701
193,1703
194,1701
195,1699
196,1697
197,1695
198,1697
199,1702
200,1702
201,1705
202,1708
203,1710
204,1712
205,1716
206,1716
207,1715
208,1718
209,1719
210,1719
211,1714
212,1712
213,1709
214,1709
215,1710
216,1709
217,1707
218,1705
219,1706
220,1706
221,1707
222,1708
223,1709
224,1708
225,1708
226,1708
227,1710
228,1710
229,1712
230,1713
231,1712
232,1711
233,1708
234,1705
235,1708
236,1707
237,1707
238,1702
239,1699
240,1697
241,1694
242,1693
243,1693
244,1693
245,1694
246,1696
247,1696
248,1695
249,1695
250,1694
251,1693
252,1691
253,1692
254,1693
255,1693
256,1696
257,1696
258,1696
259,1697
260,1698
261,1698
262,1697
263,1697
264,1702
265,1700
266,1699
267,1699
268,1700
269,1699
270,1700
271,1700
272,1697
273,1693
274,1694
275,1697
276,1699
277,1699
278,1699
279,1703
280,1701
281,1698
282,1699
283,1700
284,1704
285,1704
286,1706
287,1703
288,1702
289,1702
290,1701
291,1701
292,1701
293,1701
294,1702
295,1699
296,1702
297,1702
298,1702
299,1701
300,1701
301,1700
302,1700
303,1699
304,1698
305,1696
306,1697
307,1698
308,1697
309,1694
310,1696
311,1698
312,1697
313,1693
314,1696
315,1694
316,1695
317,1696
318,1696
319,1697
320,1696
321,1696
322,1695
323,1695
324,1696
325,1696
326,1696
327,1696
328,1695
329,1697
330,1698
331,1697
332,1697
333,1697
334,1697
335,1699
336,1702
337,1702
338,1705
339,1704
340,1703
341,1703
342,1704
343,1701
344,1702
345,1703
346,1699
347,1698
348,1699
349,1699
350,1698
351,1698
352,1698
353,1699
354,1698
355,1698
356,1699
357,1698
358,1697
359,1697
360,1699
361,1701
362,1700
363,1700
364,1699
365,1699
366,1699
367,1698
368,1699
369,1698
370,1699
371,1700
372,1698
373,1698
374,1699
375,1699
376,1697
377,1699
378,1699
379,1699
380,1700
381,1700
382,1700
383,1700
384,1699
385,1699
386,1701
387,1698
388,1696
389,1696
390,1695
391,1696
392,1695
393,1695
394,1695
395,1694
396,1695
397,1695
398,1698
399,1699
400,1698
401,1700
402,1702
403,1701
404,1699
405,1698
406,1698
407,1699
408,1698
409,1701
410,1701
411,1700
412,1700
413,1700
414,1700
415,1702
416,1703
417,1703
418,1702
419,1702
420,1701
421,1703
422,1703
423,1704
424,1704
425,1705
426,1705
427,1704
428,1705
429,1705
430,1705
431,1705
432,1705
433,1705
434,1705
435,1704
436,1704
437,1704
438,1704
439,1705
440,1706
441,1706
442,1707
443,1704
444,1705
445,1704
446,1705
447,1705
448,1705
449,1705
450,1705
451,1705
452,1705
453,1705
454,1707
455,1707
456,1706
457,1704
458,1705
459,1705
460,1703
461,1704
462,1704
463,1702
464,1700
465,1701
466,1700
467,1700
468,1700
469,1700
470,1700
471,1699
472,1700
473,1698
474,1697
475,1697
476,1697
477,1697
478,1697
479,1698
480,1698
481,1699
482,1701
483,1700
484,1698
485,1697
486,1697
487,1697
488,1698
489,1698
490,1698
491,1701
492,1701
493,1702
494,1702
495,1702
496,1703
497,1705
498,1705
499,1706
500,1706
501,1708
502,1708
503,1708
504,1708
505,1708
506,1708
507,1709
508,1709
509,1710
510,1711
511,1710
512,1711
513,1710
514,1710
515,1710
516,1709
517,1710
518,1710
519,1710
520,1709
521,1709
522,1708
523,1709
524,1710
525,1710
526,1710
527,1709
528,1708
529,1708
530,1709
531,1709
532,1709
533,1709
534,1708
535,1708
536,1705
537,1706
538,1707
539,1707
540,1708
541,1708
542,1709
543,1708
544,1708
545,1707
546,1706
547,1706
548,1707
549,1707
550,1707
551,1708
552,1708
553,1707
554,1708
555,1708
556,1707
557,1707
558,1707
559,1706
560,1707
561,1707
562,1707
563,1707
564,1705
565,1704
566,1703
567,1704
568,1705
569,1706
570,1706
571,1706
572,1705
573,1705
574,1704
575,1704
576,1705
577,1705
578,1706
579,1705
580,1705
581,1706
582,1707
583,1707
584,1706
585,1708
586,1708
587,1709
588,1709
589,1708
590,1707
591,1707
592,1707
593,1707
594,1706
595,1706
596,1705
597,1705
598,1706
599,1707
600,1707
601,1706
602,1707
603,1706
604,1707
605,1706
606,1706
607,1706
608,1706
609,1707
610,1706
611,1706
612,1706
613,1705
614,1706
615,1706
616,1706
617,1706
618,1707
619,1706
620,1707
621,1706
622,1706
623,1706
624,1706
625,1706
626,1706
627,1706
628,1706
629,1706
630,1707
631,1707
632,1707
633,1707
634,1707
635,1707
636,1707
637,1708
638,1708
639,1708
640,1708
641,1708
642,1707
643,1708
644,1706
645,1706
646,1707
647,1707
648,1705
649,1705
650,1705
651,1705
652,1704
653,1703
654,1704
655,1702
656,1702
657,1702
658,1702
659,1701
660,1701
661,1702
662,1702
663,1703
664,1703
665,1703
666,1703
667,1704
668,1703
669,1703
670,1703
671,1704
672,1704
673,1704
674,1705
675,1705
676,1705
677,1705
678,1706
679,1706
680,1706
681,1707
682,1706
683,1707
684,1707
685,1707
686,1707
687,1707
688,1708
689,1707
690,1706
691,1706
692,1705
693,1706
694,1706
695,1706
696,1706
697,1705
698,1706
699,1705
700,1707
701,1706
702,1706
703,1706
704,1706
705,1706
706,1705
707,1705
708,1706
709,1707
710,1708
711,1707
712,1708
713,1708
714,1708
715,1708
716,1708
717,1707
718,1707
719,1708
720,1707
721,1707
722,1706
723,1707
724,1706
725,1706
726,1706
727,1706
728,1706
729,1706
730,1706
731,1707
732,1707
733,1706
734,1707
735,1707
736,1707
737,1707
738,1708
739,1707
740,1708
741,1709
742,1709
743,1710
744,1711
745,1710
746,1710
747,1710
748,1712
749,1711
750,1710
751,1709
752,1709
753,1709
754,1709
755,1709
756,1709
757,1708
758,1707
759,1706
760,1707
761,1706
762,1706
763,1706
764,1706
765,1706
766,1706
767,1707
768,1707
769,1708
770,1708
771,1707
772,1707
773,1708
774,1709
775,1708
776,1709
777,1709
778,1710
779,1709
780,1709
781,1709
782,1708
783,1708
784,1708
785,1708
786,1709
787,1709
788,1709
789,1708
790,1709
791,1710
792,1711
793,1710
794,1710
795,1710
796,1710
797,1709
798,1708
799,1708
800,1708
801,1708
802,1707
803,1707
804,1708
805,1707
806,1707
807,1707
808,1707
809,1707
810,1706
811,1706
812,1706
813,1706
814,1706
815,1705
816,1705
817,1704
818,1705
819,1704
820,1704
821,1704
822,1704
823,1705
824,1704
825,1704
826,1704
827,1704
828,1704
829,1703
830,1704
831,1704
832,1704
833,1704
834,1704
835,1704
836,1703
837,1703
838,1702
839,1703
840,1703
841,1703
842,1703
843,1703
844,1704
845,1703
846,1703
847,1704
848,1704
849,1705
850,1706
851,1706
852,1705
853,1704
854,1704
855,1704
856,1704
857,1705
858,1705
859,1705
860,1705
861,1706
862,1706
863,1707
864,1707
865,1706
866,1706
867,1706
868,1706
869,1706
870,1707
871,1707
872,1708
873,1708
874,1709
875,1709
876,1709
877,1709
878,1710
879,1710
880,1711
881,1712
882,1712
883,1711
884,1711
885,1712
886,1712
887,1711
888,1711
889,1711
890,1711
891,1711
892,1711
893,1712
894,1711
895,1712
896,1711
897,1710
898,1711
899,1711
900,1711
901,1712
902,1711
903,1711
904,1712
905,1712
906,1713
907,1712
908,1712
909,1713
910,1712
911,1712
912,1712
913,1711
914,1711
915,1711
916,1711
917,1711
918,1710
919,1710
920,1710
921,1710
922,1710
923,1710
924,1710
925,1708
926,1709
927,1709
928,1709
929,1709
930,1709
931,1710
932,1709
933,1709
934,1708
935,1708
936,1708
937,1709
938,1709
939,1709
940,1709
941,1710
942,1710
943,1711
944,1710
945,1710
946,1710
947,1710
948,1711
949,1710
950,1710
951,1710
952,1709
953,1710
954,1711
955,1710
956,1710
957,1710
958,1709
959,1710
960,1710
961,1710
962,1710
963,1710
964,1710
965,1710
966,1710
967,1710
968,1709
969,1709
970,1708
971,1709
972,1709
973,1708
974,1709
975,1708
976,1708
977,1708
978,1708
979,1706
980,1707
981,1706
982,1707
983,1707
984,1706
985,1706
986,1706
987,1706
988,1706
989,1706
990,1706
991,1706
992,1706
993,1705
994,1705
995,1705
996,1705
997,1705
998,1706
999,1706
1000,1706
1001,1707
1002,1707
1003,1705
1004,1705
1005,1705
1006,1705
1007,1704
1008,1705
1009,1705
1010,1705
1011,1705
1012,1705
1013,1705
1014,1705
1015,1706
1016,1706
1017,1706
1018,1706
1019,1706
1020,1706
1021,1705
1022,1705
1023,1704
1024,1705
1025,1705
1026,1704
1027,1705
1028,1705
1029,1705
1030,1705
1031,1706
1032,1706
1033,1706
1034,1705
1035,1706
1036,1706
1037,1706
1038,1705
1039,1704
1040,1705
1041,1705
1042,1705
1043,1705
1044,1704
1045,1704
1046,1704
1047,1704
1048,1703
1049,1704
1050,1704
1051,1703
1052,1703
1053,1703
1054,1702
1055,1702
1056,1702
1057,1703
1058,1703
1059,1703
1060,1702
1061,1702
1062,1702
1063,1702
1064,1702
1065,1702
1066,1701
1067,1701
1068,1702
1069,1701
1070,1701
1071,1701
1072,1701
1073,1701
1074,1701
1075,1702
1076,1702
1077,1702
1078,1701
1079,1701
1080,1701
1081,1701
1082,1701
1083,1701
1084,1701
1085,1700
1086,1700
1087,1700
1088,1700
1089,1700
1090,1700
1091,1700
1092,1700
1093,1700
1094,1700
1095,1700
1096,1699
1097,1700
1098,1699
1099,1699
1100,1699
1101,1700
1102,1700
1103,1699
1104,1699
1105,1699
1106,1699
1107,1699
1108,1699
1109,1698
1110,1698
1111,1698
1112,1698
1113,1697
1114,1697
1115,1697
1116,1698
1117,1698
1118,1699
1119,1699
1120,1699
1121,1699
1122,1699
1123,1698
1124,1698
1125,1698
1126,1698
1127,1698
1128,1699
1129,1699
1130,1699
1131,1698
1132,1698
1133,1697
1134,1698
1135,1698
1136,1698
1137,1698
1138,1698
1139,1698
1140,1698
1141,1698
1142,1698
1143,1698
1144,1698
1145,1698
1146,1698
1147,1698
1148,1699
1149,1699
1150,1699
1151,1699
1152,1699
1153,1699
1154,1699
1155,1699
1156,1700
1157,1700
1158,1700
1159,1700
1160,1701
1161,1701
1162,1701
1163,1701
1164,1701
1165,1701
1166,1700
1167,1700
1168,1700
1169,1700
1170,1700
1171,1700
1172,1701
1173,1701
1174,1700
1175,1700
1176,1700
1177,1701
1178,1701
1179,1701
1180,1701
1181,1701
1182,1701
1183,1701
1184,1701
1185,1701
1186,1701
1187,1701
1188,1701
1189,1701
1190,1701
1191,1700
1192,1700
1193,1699
1194,1700
1195,1700
1196,1700
1197,1700
1198,1700
1199,1700
1200,1700
1201,1700
1202,1700
1203,1700
1204,1700
1205,1700
1206,1699
1207,1699
1208,1699
1209,1699
1210,1699
1211,1698
1212,1698
1213,1699
1214,1699
1215,1698
1216,1698
1217,1699
1218,1699
1219,1699
1220,1699
1221,1698
1222,1699
1223,1699
1224,1700
1225,1700
1226,1700
1227,1700
1228,1700
1229,1700
1230,1700
1231,1700
1232,1699
1233,1699
1234,1700
1235,1700
1236,1700
1237,1700
1238,1700
1239,1700
1240,1700
1241,1700
1242,1701
1243,1700
1244,1700
1245,1700
1246,1700
1247,1700
1248,1700
1249,1700
1250,1699
1251,1698
1252,1698
1253,1698
1254,1698
1255,1698
1256,1698
1257,1698
1258,1697
1259,1698
1260,1698
1261,1698
1262,1698
1263,1698
1264,1698
1265,1698
1266,1698
1267,1698
1268,1697
1269,1697
1270,1697
1271,1697
1272,1698
1273,1698
1274,1698
1275,1698
1276,1698
1277,1697
1278,1698
1279,1698
1280,1698
1281,1698
1282,1698
1283,1698
1284,1698
1285,1697
1286,1697
1287,1696
1288,1697
1289,1697
1290,1696
1291,1696
1292,1696
1293,1696
1294,1696
1295,1696
1296,1696
1297,1696
1298,1696
1299,1695
1300,1696
1301,1695
1302,1695
1303,1695
1304,1694
1305,1694
1306,1693
1307,1694
1308,1694
1309,1694
1310,1694
1311,1694
1312,1693
1313,1694
1314,1694
1315,1694
1316,1694
1317,1694
1318,1693
1319,1693
1320,1693
1321,1693
1322,1693
1323,1693
1324,1693
1325,1693
1326,1693
1327,1694
1328,1694
1329,1694
1330,1693
1331,1693
1332,1694
1333,1694
1334,1694
1335,1694
1336,1694
1337,1694
1338,1694
1339,1694
1340,1694
1341,1694
1342,1694
1343,1694
1344,1694
1345,1695
1346,1695
1347,1695
1348,1695
1349,1695
1350,1695
1351,1695
1352,1695
1353,1695
1354,1695
1355,1694
1356,1694
1357,1693
1358,1693
1359,1693
1360,1692
1361,1691
1362,1691
1363,1691
1364,1691
1365,1691
1366,1690
1367,1690
1368,1689
1369,1690
1370,1690
1371,1690
1372,1691
1373,1690
1374,1690
1375,1691
1376,1691
1377,1690
1378,1690
1379,1690
1380,1691
1381,1691
1382,1690
1383,1691
1384,1690
1385,1690
1386,1691
1387,1690
1388,1690
1389,1690
1390,1690
1391,1690
1392,1691
1393,1690
1394,1690
1395,1690
1396,1689
1397,1690
1398,1690
1399,1690
1400,1690
1401,1690
1402,1691
1403,1691
1404,1691
1405,1690
1406,1690
1407,1690
1408,1690
1409,1690
1410,1691
1411,1690
1412,1691
1413,1691
1414,1691
1415,1691
1416,1691
1417,1691
1418,1691
1419,1691
1420,1691
1421,1691
1422,1691
1423,1691
1424,1692
1425,1691
1426,1691
1427,1691
1428,1691
1429,1691
1430,1690
1431,1691
1432,1691
1433,1690
1434,1691
1435,1692
1436,1691
1437,1691
1438,1692
1439,1692
1440,1691
1441,1691
1442,1691
1443,1691
1444,1691
1445,1691
1446,1691
1447,1690
1448,1691
1449,1691
1450,1690
1451,1690
1452,1690
1453,1690
1454,1690
1455,1691
1456,1691
1457,1690
1458,1690
1459,1691
1460,1691
1461,1691
1462,1691
1463,1691
1464,1691
1465,1691
1466,1690
1467,1690
1468,1690
1469,1689
1470,1689
1471,1689
1472,1689
1473,1689
1474,1690
1475,1690
1476,1690
1477,1690
1478,1690
1479,1690
1480,1690
1481,1690
1482,1691
1483,1691
1484,1692
1485,1692
1486,1692
1487,1692
1488,1692
1489,1692
1490,1691
1491,1692
1492,1692
1493,1692
1494,1692
1495,1692
1496,1691
1497,1691
1498,1692
1499,1692
1500,1692
1501,1692
1502,1692
1503,1692
1504,1692
1505,1692
1506,1691
1507,1691
1508,1691
1509,1692
1510,1691
1511,1691
1512,1691
1513,1691
1514,1691
1515,1691
1516,1691
1517,1691
1518,1691
1519,1691
1520,1691
1521,1691
1522,1692
1523,1691
1524,1691
1525,1691
1526,1691
1527,1691
1528,1691
1529,1691
1530,1690
1531,1690
1532,1690
1533,1690
1534,1691
1535,1690
1536,1691
1537,1690
1538,1690
1539,1690
1540,1689
1541,1689
1542,1689
1543,1690
1544,1689
1545,1689
1546,1690
1547,1689
1548,1689
1549,1689
1550,1689
1551,1689
1552,1689
1553,1689
1554,1689
1555,1689
1556,1689
1557,1689
1558,1689
1559,1689
1560,1689
1561,1689
1562,1689
1563,1689
1564,1689
1565,1689
1566,1689
1567,1689
1568,1689
1569,1689
1570,1689
1571,1689
1572,1688
1573,1689
1574,1688
1575,1688
1576,1688
1577,1687
1578,1686
1579,1686
1580,1687
1581,1686
1582,1687
1583,1687
1584,1687
1585,1687
1586,1687
1587,1687
1588,1686
1589,1686
1590,1687
1591,1687
1592,1687
1593,1687
1594,1687
1595,1687
1596,1686
1597,1687
1598,1687
1599,1686
1600,1686
1601,1686
1602,1687
1603,1687
1604,1687
1605,1687
1606,1687
1607,1687
1608,1687
1609,1688
1610,1688
1611,1688
1612,1687
1613,1687
1614,1687
1615,1687
1616,1687
1617,1687
1618,1687
1619,1688
1620,1688
1621,1688
1622,1688
1623,1688
1624,1688
1625,1689
1626,1689
1627,1688
1628,1689
1629,1689
1630,1689
1631,1689
1632,1689
1633,1689
1634,1689
1635,1689
1636,1689
1637,1688
1638,1688
1639,1688
1640,1688
1641,1687
1642,1688
1643,1688
1644,1688
1645,1688
1646,1688
1647,1688
1648,1688
1649,1688
1650,1688
1651,1688
1652,1688
1653,1688
1654,1688
1655,1688
1656,1689
1657,1689
1658,1689
1659,1689
1660,1689
1661,1689
1662,1689
1663,1689
1664,1689
1665,1689
1666,1689
1667,1689
1668,1689
1669,1689
1670,1689
1671,1689
1672,1690
1673,1690
1674,1689
1675,1690
1676,1690
1677,1689
1678,1689
1679,1689
1680,1689
1681,1689
1682,1690
1683,1690
1684,1690
1685,1690
1686,1689
1687,1690
1688,1690
1689,1689
1690,1689
1691,1689
1692,1689
1693,1689
1694,1689
1695,1688
1696,1689
1697,1689
1698,1689
1699,1688
1700,1688
1701,1688
1702,1688
1703,1688
1704,1688
1705,1688
1706,1688
1707,1688
1708,1688
1709,1688
1710,1688
1711,1688
1712,1688
1713,1688
1714,1688
1715,1688
1716,1688
1717,1688
1718,1688
1719,1688
1720,1688
1721,1688
1722,1688
1723,1688
1724,1687
1725,1688
1726,1687
1727,1687
1728,1687
1729,1687
1730,1687
1731,1686
1732,1686
1733,1686
1734,1686
1735,1687
1736,1687
1737,1687
1738,1687
1739,1687
1740,1687
1741,1687
1742,1687
1743,1687
1744,1687
1745,1687
1746,1688
1747,1688
1748,1688
1749,1688
1750,1688
1751,1688
1752,1688
1753,1688
1754,1688
1755,1688
1756,1688
1757,1688
1758,1688
1759,1689
1760,1689
1761,1689
1762,1688
1763,1689
1764,1689
1765,1688
1766,1688
1767,1689
1768,1689
1769,1689
1770,1688
1771,1688
1772,1688
1773,1688
1774,1688
1775,1688
1776,1688
1777,1688
1778,1688
1779,1688
1780,1688
1781,1689
1782,1689
1783,1689
1784,1689
1785,1690
1786,1689
1787,1689
1788,1689
1789,1689
1790,1689
1791,1689
1792,1689
1793,1689
1794,1689
1795,1689
1796,1689
1797,1689
1798,1689
1799,1690
1800,1690
1801,1690
1802,1690
1803,1690
1804,1690
1805,1690
1806,1690
1807,1690
1808,1690
1809,1690
1810,1690
1811,1690
1812,1690
1813,1690
1814,1690
1815,1690
1816,1691
1817,1690
1818,1690
1819,1690
1820,1690
1821,1690
1822,1689
1823,1689
1824,1689
1825,1689
1826,1689
1827,1689
1828,1690
1829,1690
1830,1690
1831,1690
1832,1690
1833,1691
1834,1691
1835,1691
1836,1691
1837,1690
1838,1690
1839,1690
1840,1691
1841,1691
1842,1691
1843,1691
1844,1691
1845,1691
1846,1691
1847,1691
1848,1692
1849,1691
1850,1692
1851,1692
1852,1691
1853,1691
1854,1691
1855,1691
1856,1691
1857,1691
1858,1691
1859,1691
1860,1691
1861,1691
1862,1692
1863,1691
1864,1691
1865,1691
1866,1691
1867,1691
1868,1691
1869,1691
1870,1691
1871,1691
1872,1690
1873,1691
1874,1690
1875,1691
1876,1691
1877,1691
1878,1691
1879,1691
1880,1691
1881,1691
1882,1691
1883,1691
1884,1691
1885,1691
1886,1691
1887,1691
1888,1691
1889,1691
1890,1691
1891,1691
1892,1691
1893,1692
1894,1692
1895,1692
1896,1692
1897,1692
1898,1692
1899,1692
1900,1692
1901,1692
1902,1691
1903,1692
1904,1692
1905,1692
1906,1692
1907,1692
1908,1692
1909,1692
1910,1692
1911,1692
1912,1692
1913,1692
1914,1692
1915,1692
1916,1691
1917,1691
1918,1691
1919,1691
1920,1691
1921,1691
1922,1691
1923,1691
1924,1692
1925,1692
1926,1692
1927,1692
1928,1692
1929,1692
1930,1692
1931,1692
1932,1692
1933,1692
1934,1692
1935,1692
1936,1692
1937,1692
1938,1692
1939,1692
1940,1692
1941,1692
1942,1692
1943,1692
1944,1693
1945,1693
1946,1693
1947,1693
1948,1693
1949,1693
1950,1693
1951,1693
1952,1694
1953,1694
1954,1694
1955,1694
1956,1693
1957,1694
1958,1693
1959,1693
1960,1693
1961,1693
1962,1693
1963,1693
1964,1693
1965,1693
1966,1692
1967,1693
1968,1693
1969,1692
1970,1693
1971,1693
1972,1693
1973,1693
1974,1693
1975,1693
1976,1693
1977,1693
1978,1693
1979,1692
1980,1692
1981,1692
1982,1692
1983,1692
1984,1693
1985,1693
1986,1692
1987,1692
1988,1692
1989,1692
1990,1692
1991,1692
1992,1691
1993,1692
1994,1692
1995,1692
1996,1692
1997,1692
1998,1692
1999,1692
2000,1692
1692