1,446685010560
2,467189389440
3,454021635456
4,449852393088
5,440936842060
6,424798509888
7,430509055433
8,432110650104
9,436180023360
10,438952870310
11,434643890112
12,437597393760
13,439820071842
14,442383330692
15,445738857984
16,451534356468
17,453357301586
18,453608781696
19,453435581254
20,454099976323
21,451683661083
22,453999358629
23,455303491475
24,454161459600
25,455334096107
26,454037511655
27,455806296576
28,456248355819
29,455489815044
30,453973967020
31,455073071560
32,456068223252
33,455747405550
34,456358875552
35,456190813308
36,457311454992
37,458626575930
38,458609314206
39,459469124219
40,459183645576
41,458791117126
42,459693640923
43,458658100049
44,457495289528
45,457987691980
46,457417271983
47,458487925325
48,459292640796
49,459757821805
50,460249507261
51,460254853270
52,460843810061
53,460415785090
54,461787880896
55,462228230466
56,463453738498
57,462909180277
58,463624728658
59,464308934985
60,464115916108
61,463870193641
62,463935943147
63,463910279122
64,463574209914
65,463215407935
66,462881167330
67,462631915764
68,462381520887
69,461840954537
70,461488765404
71,461285962389
72,461362651200
73,461957967202
74,462093195541
75,461600151183
76,462190786537
77,461518186011
78,461529959815
79,461555651454
80,460959249297
81,460426010688
82,459564164942
83,459899274205
84,459530183849
85,459875427467
86,461313361908
87,461079972864
88,460822999038
89,461215041459
90,460601680435
91,462157092250
92,461903366066
93,461652272918
94,461047729597
95,461485270098
96,461985644070
97,462378735936
98,462809912596
99,463049728861
100,462774771192
101,463532014051
102,463474969428
103,462734100645
104,462714603956
105,462413550198
106,462594237359
107,462887431972
108,462791824272
109,462726495634
110,462514210963
111,462548748718
112,462486872880
113,462788555220
114,462825567814
115,462874255923
116,463482767321
117,463372629961
118,463601286432
119,463566555744
120,463429986206
121,463479272701
122,463712260787
123,463655495962
124,463831222250
125,463876775368
126,464140283945
127,464166429641
128,464033423052
129,464224654535
130,464147062936
131,464410160613
132,464012665461
133,464006645511
134,464141379073
135,464217114355
136,464383050594
137,464713902450
138,464543875571
139,464251796774
140,464519539164
141,465238250410
142,464964442998
143,465119012474
144,465302110176
145,465579855256
146,465157574326
147,465089621877
148,465308429787
149,465357094028
150,465233537260
151,465508522688
152,465811275869
153,465247787802
154,465558035739
155,466062998013
156,465946973058
157,466116592371
158,466169528553
159,466495776108
160,466691499352
161,466206151622
162,466224251040
163,466456756282
164,466475281523
165,466692433762
166,466327917316
167,466330651955
168,466371932441
169,466292261369
170,466464632665
171,466627862379
172,466571115249
173,466826761747
174,466589664635
175,466915427807
176,466812272968
177,467325505552
178,467563860980
179,467810803310
180,467585534649
181,467320280656
182,467168808504
183,467592552349
184,467920432414
185,467889865474
186,467796288681
187,468032550434
188,468028522665
189,467804558921
190,467970410143
191,467832703375
192,467830671300
193,468166196136
194,468221230890
195,468296955506
196,468414174425
197,468622336352
198,468439910679
199,468432313720
200,468824133565
201,469059700350
202,469657762999
203,469428016947
204,469349474874
205,469426096059
206,469536170159
207,469745236900
208,469689440433
209,469995324587
210,470100888469
211,470071749137
212,470110334976
213,470245492589
214,470334035016
215,469933260699
216,469968272640
217,469970232813
218,469739374618
219,470116757738
220,470412501287
221,470531680456
222,470780224135
223,470576630731
224,470347249353
225,470136315525
226,469926658974
227,469644172271
228,469513500578
229,469178262393
230,468793535505
231,468822488196
232,469191663454
233,469247378591
234,469182738129
235,468801798762
236,468947569794
237,469198594251
238,468913731685
239,469018183802
240,468997350652
241,468860269539
242,468891310863
243,468617403264
244,468437365161
245,468423077675
246,468425131066
247,468385605646
248,468416507332
249,468642972672
250,468320231596
251,468097877674
252,468007146555
253,467856757970
254,467655298643
255,467626128205
256,467486677644
257,467523110004
258,467502600029
259,466966632619
260,466758846615
261,466758114067
262,466676492374
263,466473667950
264,466497078905
265,466562879467
266,466735507769
267,466790492347
268,466815172631
269,466919243568
270,466664247475
271,466548994348
272,466771170201
273,466569531154
274,466684867462
275,466627251994
276,466251312747
277,466237567963
278,466322054903
279,466550705924
280,466781628830
281,466722785274
282,466803686604
283,466673254225
284,466458884455
285,466367554149
286,466430503825
287,466353103724
288,466224933294
289,466303181967
290,466326137443
291,466360430964
292,466212464568
293,466216035089
294,466397122158
295,466552245140
296,466492001401
297,466419833594
298,466416402225
299,466663248479
300,466432182000
301,466554133744
302,466148882313
303,466093796002
304,466110684456
305,466109808454
306,466223740297
307,466268780846
308,466284551458
309,466371764329
310,466296994408
311,466357124710
312,466243475078
313,466101903666
314,465939045192
315,465896790736
316,465862724751
317,465800455921
318,465600041942
319,465644184842
320,465602005062
321,465387011620
322,465654932861
323,465624256141
324,465767839728
325,465871913866
326,465927664648
327,465904335384
328,466034735514
329,465952176693
330,466019992428
331,466010335797
332,466081258568
333,466172943365
334,466322080940
335,466201434712
336,466202680580
337,466361977122
338,466461697602
339,466554766270
340,466488224135
341,466370194224
342,466347512205
343,466514334929
344,466626515994
345,466719282231
346,466751970157
347,466912534080
348,466761555394
349,466560498510
350,466322183703
351,466216205892
352,466354900754
353,466346522101
354,466396064391
355,466377181946
356,466558678036
357,466588611628
358,466533346261
359,466561715095
360,466652687068
361,466630214953
362,466604404139
363,466596746162
364,466517847073
365,466526755490
366,466378220702
367,466350513797
368,466309994711
369,466351740133
370,466417577642
371,466409066079
372,466513948772
373,466596473109
374,466479298468
375,466488105965
376,466588273163
377,466785261850
378,466909017490
379,466890130962
380,466921152432
381,466852602797
382,466905655861
383,466905603406
384,467021206831
385,467092186571
386,467175534662
387,467197738693
388,467183859862
389,467288706031
390,467306064850
391,467101440016
392,467224937860
393,467145267347
394,467094339800
395,467068375705
396,467254601921
397,467498779008
398,467422288923
399,467534385887
400,467465691287
401,467753350530
402,467748233034
403,467884165122
404,467893216333
405,467893375833
406,467962222752
407,467915621604
408,467891981457
409,467989818635
410,467782719254
411,467633536964
412,467686115488
413,467796153657
414,467717745086
415,467643457324
416,467569783546
417,467737124055
418,467600634622
419,467625000254
420,467681734767
421,467679683934
422,467750119379
423,467828941505
424,467769801193
425,467897148445
426,468014928699
427,468106174813
428,467919730363
429,467986677184
430,467851890100
431,467764737375
432,467726108184
433,467742802331
434,467744673886
435,467787669946
436,467731322100
437,467769710220
438,467887412625
439,467805969097
440,467801106753
441,467642923423
442,467540077786
443,467459086291
444,467438319690
445,467534303093
446,467423010572
447,467241929419
448,467360919807
449,467217659339
450,467177350844
451,467225238420
452,467256993777
453,467191585258
454,467163834078
455,467267304139
456,467322740166
457,467372725876
458,467206006514
459,467382084920
460,467230962877
461,467429415128
462,467403233479
463,467256425546
464,467333637223
465,467435823221
466,467507660853
467,467705473834
468,467682761586
469,467731991557
470,467739545675
471,467759532396
472,467745158875
473,467887391805
474,467736329459
475,467791991853
476,467936161651
477,467878850289
478,467825135125
479,467872770781
480,467805406006
481,467690619212
482,467604491743
483,467611469271
484,467499240322
485,467428567816
486,467338828416
487,467368359460
488,467401961920
489,467323880750
490,467344949303
491,467227731169
492,467274567744
493,467246220517
494,467117352953
495,467167737191
496,467124166609
497,467138409639
498,466932476770
499,467071593324
500,467078788032
501,467139827357
502,467123905048
503,466971336177
504,466801658269
505,466812288578
506,466708505310
507,466468020870
508,466483868888
509,466464746047
510,466392553720
511,466517191796
512,466397368301
513,466254252773
514,466211954590
515,466195069179
516,466263481047
517,466210043090
518,466158825771
519,466212866504
520,466335599444
521,466397481749
522,466392206969
523,466378739923
524,466324386576
525,466334671071
526,466125450362
527,466231513607
528,466287796348
529,466458046144
530,466388421063
531,466444093843
532,466476830418
533,466515503918
534,466406023492
535,466376103065
536,466414156303
537,466493147512
538,466586668153
539,466463461032
540,466364996236
541,466275507321
542,466306921500
543,466321283416
544,466073722694
545,466019363113
546,465966389730
547,466056674901
548,465997512028
549,465968988646
550,465878338619
551,465864718909
552,465994065002
553,466056232641
554,465991469438
555,466059774627
556,466010595223
557,466092319167
558,466070503642
559,465864279415
560,465725199688
561,465824337007
562,465783974736
563,465711211092
564,466008030897
565,465881208214
566,465787657565
567,465799792813
568,465815987282
569,465797011063
570,465868338387
571,465836948354
572,465882723069
573,465851491429
574,465761841258
575,465649118440
576,465472383597
577,465489416626
578,465623748639
579,465622647519
580,465549455011
581,465484473842
582,465491451821
583,465507359092
584,465392588827
585,465346500010
586,465304137199
587,465270334689
588,465094104662
589,465013381165
590,465005557145
591,465148639184
592,465136398554
593,465136620010
594,465243540165
595,465104628026
596,465186104955
597,464933917500
598,465013971284
599,465025770794
600,465155308290
601,465189440408
602,465257904976
603,465144468333
604,465147732226
605,465083834698
606,464960910870
607,464938335748
608,464926185612
609,464903722802
610,464869400871
611,464860704942
612,464883293824
613,464803128057
614,464839871774
615,464878154374
616,464984090896
617,464984191558
618,464996293961
619,465084260167
620,464990984832
621,464995940844
622,464941092682
623,464810205213
624,464777591336
625,464776753559
626,464893621931
627,464799048007
628,464732004175
629,464668213132
630,464706123025
631,464628605228
632,464626407929
633,464616479016
634,464668965573
635,464561533222
636,464594938777
637,464587289469
638,464667648435
639,464635408969
640,464619381442
641,464651308717
642,464588524921
643,464506861723
644,464505931710
645,464451432135
646,464508135565
647,464599970334
648,464572919664
649,464460830027
650,464433787671
651,464382508077
652,464447309698
653,464385782743
654,464413289667
655,464299988132
656,464281262995
657,464288417429
658,464211407794
659,464099504581
660,464157450198
661,464110589080
662,464105013644
663,464051906159
664,463985110096
665,463861758215
666,463864062691
667,463865344877
668,463876282693
669,463892285239
670,463915268150
671,463953342143
672,463948242734
673,463963411967
674,463985642644
675,464014410001
676,463911190560
677,463973746896
678,464001374569
679,464108237781
680,464142226730
681,464201815915
682,464253651626
683,464229984058
684,464157870480
685,464100910721
686,464144838625
687,464174011888
688,464240473767
689,464256411057
690,464259364511
691,464215237023
692,464234490404
693,464276132381
694,464194156930
695,464320965402
696,464302813891
697,464302316093
698,464288123979
699,464307866221
700,464323870098
701,464326586731
702,464240854456
703,464250238241
704,464296770590
705,464295624498
706,464364686773
707,464461763666
708,464409277412
709,464365775558
710,464379820252
711,464344520547
712,464168656221
713,464276094768
714,464247754777
715,464210293496
716,464191126766
717,464223555756
718,464224634764
719,464200844096
720,464228166232
721,464260876572
722,464252920121
723,464225276198
724,464170051942
725,464183792415
726,464116325936
727,464132170263
728,464193469890
729,464094283200
730,464109035499
731,464050968225
732,463911235561
733,463919883165
734,464063654066
735,464093226185
736,464079978766
737,464058722905
738,463915116688
739,463864789513
740,463944548242
741,464020326225
742,463851032290
743,463787091440
744,463853459290
745,463838272640
746,463824346516
747,463794226011
748,463745405818
749,463873113039
750,463794565941
751,463759213357
752,463758149673
753,463733630884
754,463814946841
755,463873756452
756,463829719453
757,463785807244
758,463819647652
759,463817278355
760,463930472751
761,463946323277
762,463998496941
763,464015540806
764,463990403762
765,464088739141
766,464016705730
767,464141900362
768,464163899593
769,464276655299
770,464237891373
771,464289011091
772,464316025227
773,464381535573
774,464415882048
775,464518931901
776,464501532409
777,464490834261
778,464465751648
779,464466673808
780,464388490270
781,464382554682
782,464485192108
783,464492616152
784,464409412925
785,464397028672
786,464397393846
787,464292994267
788,464295832870
789,464306452637
790,464327968514
791,464323158592
792,464362419809
793,464301725693
794,464337525222
795,464378235214
796,464380948752
797,464444286680
798,464414968182
799,464314995555
800,464423341532
801,464324141149
802,464241728457
803,464198731066
804,464198527914
805,464220779322
806,464331771551
807,464455646507
808,464419370289
809,464425007425
810,464333754124
811,464469741072
812,464426105502
813,464373742421
814,464302859352
815,464391433356
816,464386537787
817,464392951921
818,464432652661
819,464435773056
820,464469981266
821,464539146846
822,464548713136
823,464449900652
824,464405232444
825,464414808356
826,464531879495
827,464582173290
828,464568310017
829,464528016839
830,464570034639
831,464581390174
832,464556197531
833,464448679728
834,464440870158
835,464460974218
836,464503983650
837,464526378004
838,464502566495
839,464473782910
840,464414730903
841,464471422246
842,464488255890
843,464383438325
844,464354724336
845,464394282369
846,464357112639
847,464354491614
848,464438377545
849,464393694930
850,464365985901
851,464374204996
852,464327398688
853,464283710042
854,464265718133
855,464380583318
856,464335817402
857,464419510968
858,464483665693
859,464503652768
860,464491489476
861,464464316792
862,464471629863
863,464590164433
864,464581757466
865,464616262172
866,464640177254
867,464743793097
868,464746960364
869,464628323751
870,464621705331
871,464706580383
872,464744524242
873,464864822700
874,464908046630
875,464960078633
876,464906066423
877,464921891454
878,464893445182
879,464884151564
880,464795865754
881,464778382650
882,464801626238
883,464809299172
884,464763368271
885,464768925873
886,464789205432
887,464673740683
888,464735053764
889,464757431532
890,464773445355
891,464737625856
892,464726729838
893,464749110473
894,464677860898
895,464769083479
896,464815874008
897,464791963598
898,464752165778
899,464765936105
900,464801252520
901,464808373700
902,464782775458
903,464710269972
904,464602029452
905,464683714628
906,464760753226
907,464695072849
908,464612465722
909,464568986252
910,464540665052
911,464540581335
912,464557742412
913,464538229387
914,464552156028
915,464565630080
916,464649648229
917,464615468179
918,464623175723
919,464599974941
920,464556819264
921,464560595772
922,464549759342
923,464636266362
924,464719479523
925,464682449980
926,464702121500
927,464684371272
928,464679167933
929,464697955574
930,464653606642
931,464665389543
932,464682595149
933,464707818757
934,464738784638
935,464704099119
936,464759173755
937,464732222270
938,464671758761
939,464701870293
940,464650496288
941,464585269082
942,464629271898
943,464593049041
944,464592034450
945,464605540514
946,464617017192
947,464666461559
948,464778743854
949,464806310200
950,464816762306
951,464824086741
952,464770171599
953,464772284153
954,464813400753
955,464880359865
956,464827163705
957,464859013455
958,464813478711
959,464774497794
960,464835183132
961,464917649860
962,464906065557
963,464887283710
964,464839561016
965,464783134426
966,464767339651
967,464740594180
968,464748592849
969,464715602374
970,464710881212
971,464736318056
972,464676355968
973,464688008796
974,464701047389
975,464705472282
976,464760182368
977,464732347186
978,464633211293
979,464607574453
980,464594185241
981,464546582387
982,464623398761
983,464692340480
984,464722375348
985,464640377909
986,464665204209
987,464646581991
988,464647802753
989,464686726501
990,464674160568
991,464711747841
992,464801638830
993,464721717844
994,464735122468
995,464782198628
996,464719184147
997,464711740202
998,464784159225
999,464803119702
1000,464870067098
1001,464857484153
1002,464821424691
1003,464884606298
1004,464843398710
1005,464807882618
1006,464835036918
1007,464809683804
1008,464740811789
1009,464699318953
1010,464661518902
1011,464659478961
1012,464637787645
1013,464692654211
1014,464645397881
1015,464672536806
1016,464726093480
1017,464752397508
1018,464742315055
1019,464849092704
1020,464897725715
1021,464963357057
1022,464953905364
1023,464983294913
1024,464944957726
1025,464939385632
1026,464994390846
1027,465049379982
1028,465030932428
1029,465104248420
1030,465050205453
1031,465075432236
1032,465082207503
1033,465081370505
1034,465090630420
1035,465132752119
1036,465127850216
1037,465120531340
1038,465132777452
1039,465156344271
1040,465189239362
1041,465197101914
1042,465227793441
1043,465159111372
1044,465200916753
1045,465227302568
1046,465224208166
1047,465239512655
1048,465271685378
1049,465364373818
1050,465291442111
1051,465305927738
1052,465356516684
1053,465391017614
1054,465406314246
1055,465399889715
1056,465381842422
1057,465372357042
1058,465355342344
1059,465351689474
1060,465330875981
1061,465336072712
1062,465252627402
1063,465201282036
1064,465227237420
1065,465179658057
1066,465139113228
1067,465201638588
1068,465232500545
1069,465267907164
1070,465222852469
1071,465238991948
1072,465266228031
1073,465233548570
1074,465266652759
1075,465218701412
1076,465232794068
1077,465239215902
1078,465283988090
1079,465310476952
1080,465314564736
1081,465278344703
1082,465241568448
1083,465238357781
1084,465310249615
1085,465238884102
1086,465212783726
1087,465211119284
1088,465251199069
1089,465263202092
1090,465265975979
1091,465345325879
1092,465407914590
1093,465421064163
1094,465478912969
1095,465482553051
1096,465525773127
1097,465592259929
1098,465557967303
1099,465572974404
1100,465564186212
1101,465592335490
1102,465570678910
1103,465507659115
1104,465553569985
1105,465598144210
1106,465620906808
1107,465635542716
1108,465665625955
1109,465627600706
1110,465645393437
1111,465620701460
1112,465598433308
1113,465649591788
1114,465623844260
1115,465654357371
1116,465705748498
1117,465663476181
1118,465681416982
1119,465664956757
1120,465710205491
1121,465666476709
1122,465676384386
1123,465680238884
1124,465594253550
1125,465587601951
1126,465599834643
1127,465619772225
1128,465609706869
1129,465593450335
1130,465568814708
1131,465592219583
1132,465604127616
1133,465700996082
1134,465641225938
1135,465666381230
1136,465663636590
1137,465645929230
1138,465661286832
1139,465651784841
1140,465701191466
1141,465752342645
1142,465749348976
1143,465773349756
1144,465818965117
1145,465882634582
1146,465820396100
1147,465761173987
1148,465809256556
1149,465781140369
1150,465836857113
1151,465824810966
1152,465748695333
1153,465808048040
1154,465824131420
1155,465793737246
1156,465822708913
1157,465820967992
1158,465808829415
1159,465848755929
1160,465853064748
1161,465886328309
1162,465885535483
1163,465898335840
1164,465913277695
1165,465960886259
1166,465946962767
1167,465943747722
1168,465969269769
1169,465924196856
1170,465858108611
1171,465876843962
1172,465862799646
1173,465885787707
1174,465918834490
1175,465978980840
1176,466012032262
1177,466028060634
1178,466062003876
1179,466009722396
1180,466030773716
1181,466018381201
1182,466010627849
1183,465995888180
1184,465990215924
1185,465971080131
1186,465907947939
1187,465865971050
1188,465874309099
1189,465885805928
1190,465917683123
1191,466020821875
1192,466039734207
1193,466000783726
1194,466031267714
1195,466047431171
1196,466065770885
1197,466031710448
1198,466032436384
1199,466010939389
1200,466054046123
1201,465974901127
1202,466018457985
1203,466002774787
1204,465955891873
1205,465981839041
1206,465958147039
1207,465950185747
1208,465955876213
1209,465877815842
1210,465867286491
1211,465815755585
1212,465805178406
1213,465815793144
1214,465834715224
1215,465839758656
1216,465839052610
1217,465772711397
1218,465813153275
1219,465803228963
1220,465788226276
1221,465807276054
1222,465806712268
1223,465912177052
1224,465916054383
1225,465935460498
1226,465881276330
1227,465913256277
1228,465833648867
1229,465804822795
1230,465787404519
1231,465755316766
1232,465653546820
1233,465648278303
1234,465666422434
1235,465655731012
1236,465647603568
1237,465623894732
1238,465537559499
1239,465524674967
1240,465593689335
1241,465576579906
1242,465509548161
1243,465497197940
1244,465477544157
1245,465479442655
1246,465485033066
1247,465466448461
1248,465433815116
1249,465432410171
1250,465431957577
1251,465425633502
1252,465448840145
1253,465504597267
1254,465506367068
1255,465474715675
1256,465528780225
1257,465537615639
1258,465534751274
1259,465544970037
1260,465521917848
1261,465560135798
1262,465591876243
1263,465527903451
1264,465578992303
1265,465618151234
1266,465676450599
1267,465728694549
1268,465663229586
1269,465701146241
1270,465696850223
1271,465699111013
1272,465674104858
1273,465644875325
1274,465716038627
1275,465704145848
1276,465717892802
1277,465722914269
1278,465743562822
1279,465730643308
1280,465703626641
1281,465711594803
1282,465691650974
1283,465675950111
1284,465693993638
1285,465674299923
1286,465692469157
1287,465722630002
1288,465758428837
1289,465801890637
1290,465750877361
1291,465741123124
1292,465756056886
1293,465742358796
1294,465765458343
1295,465790679740
1296,465732881568
1297,465773095947
1298,465815061656
1299,465848537843
1300,465902706683
1301,465893455385
1302,465877301242
1303,465864889908
1304,465838565105
1305,465886367193
1306,465849647074
1307,465837244871
1308,465838293566
1309,465893625967
1310,465908031655
1311,465921408473
1312,465930620232
1313,465868318332
1314,465838049032
1315,465800786319
1316,465888238722
1317,465898496671
1318,465897188438
1319,465891344247
1320,465860273246
1321,465856184421
1322,465837421623
1323,465795822575
1324,465750431607
1325,465779683963
1326,465749563992
1327,465755214447
1328,465765722810
1329,465802798361
1330,465794279272
1331,465761312866
1332,465812763353
1333,465782117147
1334,465790097657
1335,465779105562
1336,465819795750
1337,465845557090
1338,465815840810
1339,465810891054
1340,465801970114
1341,465822974889
1342,465826303562
1343,465812411179
1344,465794022898
1345,465750473998
1346,465734850164
1347,465753994947
1348,465804278918
1349,465813699720
1350,465824083956
1351,465807415236
1352,465784733743
1353,465837350250
1354,465819628237
1355,465844809969
1356,465905098432
1357,465941629386
1358,465994586861
1359,465953181764
1360,465991542026
1361,465995632329
1362,466001903839
1363,465972590108
1364,466027103992
1365,466053065059
1366,466040790924
1367,466043558729
1368,466061763884
1369,466009629840
1370,466009738523
1371,465972785576
1372,465992127516
1373,466009942274
1374,465968333294
1375,465925727526
1376,465941599506
1377,465973931723
1378,465989499573
1379,465962395881
1380,465963482923
1381,465993647005
1382,465984414346
1383,465947249108
1384,465938238445
1385,465900088642
1386,465934125312
1387,465888538318
1388,465968101143
1389,466010216478
1390,465976396744
1391,466009741450
1392,465996591629
1393,465989520006
1394,465948816541
1395,465981021314
1396,465953726368
1397,466003537461
1398,465985649488
1399,466005295643
1400,466009636259
1401,465986669359
1402,466011092392
1403,466057102025
1404,466052843963
1405,466095060108
1406,466086204039
1407,466018641810
1408,466009124290
1409,465997939737
1410,465991911944
1411,465977320490
1412,466010692411
1413,466002588154
1414,466006315430
1415,466058636932
1416,466049658187
1417,466016346145
1418,466035687933
1419,466002643544
1420,465956532765
1421,465926151086
1422,465907510229
1423,465929029010
1424,465934849441
1425,465934492208
1426,465930182607
1427,465900723157
1428,465910565698
1429,465912927511
1430,465887077379
1431,465946684579
1432,465935188875
1433,465944263381
1434,466002907057
1435,466027172191
1436,466036069072
1437,466047988971
1438,466047531858
1439,466045918448
1440,466019275590
1441,466045178917
1442,466020137794
1443,466046393939
1444,466027679143
1445,466001833962
1446,466046791646
1447,466044611481
1448,465994569362
1449,466008420983
1450,465958847028
1451,465987461619
1452,465977181827
1453,465963585113
1454,465927891997
1455,465930689570
1456,465913468773
1457,465970612812
1458,465990043232
1459,465957681368
1460,465993490480
1461,466022185174
1462,465990588794
1463,465999732013
1464,465988602151
1465,465977903565
1466,465989255019
1467,465959178788
1468,465952228973
1469,465958490553
1470,465989224365
1471,465987764508
1472,465966795742
1473,465968680240
1474,465921748262
1475,465922254169
1476,465920256468
1477,465903606212
1478,465913511356
1479,465937216216
1480,465929989499
1481,465961359699
1482,465955614366
1483,465953894703
1484,465978309749
1485,465971205081
1486,465986385798
1487,465952826816
1488,465971792506
1489,466033282399
1490,466072110411
1491,466057042218
1492,466105038800
1493,466116971592
1494,466101753106
1495,466107899771
1496,466100946875
1497,466072583427
1498,466079753316
1499,466087840501
1500,466066977712
1501,466046766064
1502,466051514303
1503,466046456042
1504,466069864698
1505,466092122688
1506,466090263023
1507,466057531474
1508,466036922846
1509,466015324839
1510,466035622741
1511,466015043654
1512,465999502217
1513,465991932024
1514,466012885673
1515,466019794628
1516,465976735740
1517,466018691582
1518,466002625048
1519,465970827755
1520,465949972646
1521,465892168991
1522,465922001455
1523,465894129887
1524,465862529567
1525,465878110995
1526,465908525425
1527,465896699378
1528,465929875575
1529,465942377728
1530,465904831839
1531,465934371228
1532,465921748539
1533,465909695128
1534,465908909528
1535,465882411143
1536,465891002775
1537,465863052793
1538,465834020596
1539,465823532160
1540,465828010380
1541,465816662347
1542,465841574845
1543,465860222984
1544,465867055509
1545,465844168437
1546,465861806479
1547,465829069521
1548,465838600829
1549,465839055614
1550,465813551799
1551,465824548326
1552,465837895708
1553,465879192403
1554,465870663364
1555,465926194532
1556,465908180688
1557,465908873598
1558,465908596923
1559,465861479805
1560,465928077856
1561,465915836209
1562,465940567643
1563,465922340657
1564,465957280698
1565,465966301207
1566,465947236243
1567,465981005054
1568,465968113533
1569,466047055015
1570,466083626014
1571,466046485413
1572,466075107486
1573,466067726938
1574,466065081184
1575,466033273873
1576,466031111935
1577,466013465639
1578,466004405273
1579,465943528451
1580,465948173650
1581,465964461420
1582,466006537419
1583,466030758621
1584,466025952125
1585,466009604495
1586,466025884259
1587,466071788146
1588,466073602385
1589,466111323194
1590,466083399687
1591,466118916375
1592,466119095231
1593,466094438227
1594,466098070125
1595,466085560635
1596,466090376489
1597,466130425411
1598,466136767511
1599,466126391478
1600,466132978306
1601,466113399209
1602,466135083741
1603,466138229876
1604,466133488300
1605,466136709849
1606,466153532085
1607,466125023440
1608,466126395877
1609,466105298685
1610,466111587300
1611,466120823365
1612,466096485664
1613,466126644291
1614,466088938534
1615,466116398969
1616,466100443972
1617,466123343149
1618,466030169706
1619,466019932679
1620,466070338339
1621,466062348453
1622,466052835271
1623,466061753188
1624,466066350360
1625,466049528808
1626,466052746900
1627,466073847978
1628,466065315803
1629,466101186643
1630,466102922474
1631,466118746775
1632,466110576274
1633,466176574277
1634,466240637424
1635,466233782360
1636,466242798803
1637,466274035657
1638,466292892577
1639,466251706802
1640,466239536123
1641,466207504679
1642,466233985062
1643,466210728782
1644,466213042712
1645,466202174913
1646,466238105573
1647,466214590788
1648,466217287247
1649,466180691246
1650,466181446053
1651,466163738101
1652,466170543841
1653,466167114283
1654,466143210302
1655,466144731520
1656,466150185134
1657,466135053913
1658,466167564987
1659,466183338462
1660,466173721766
1661,466153154286
1662,466180259741
1663,466231010588
1664,466278454199
1665,466272408352
1666,466248328734
1667,466217087999
1668,466208636209
1669,466198265213
1670,466161810624
1671,466145556538
1672,466117779754
1673,466128048349
1674,466137189726
1675,466127424091
1676,466090168735
1677,466120286702
1678,466143432793
1679,466137970942
1680,466158315362
1681,466195188409
1682,466172498952
1683,466177383791
1684,466192005426
1685,466155266260
1686,466126542542
1687,466101058839
1688,466113872895
1689,466119905029
1690,466150639952
1691,466133891910
1692,466190724157
1693,466231789893
1694,466262451773
1695,466268550895
1696,466276461557
1697,466273994705
1698,466298396126
1699,466302389513
1700,466277207994
1701,466268374518
1702,466250953123
1703,466278216773
1704,466267715657
1705,466235205063
1706,466234322988
1707,466223405248
1708,466203166662
1709,466209989554
1710,466214152659
1711,466226306662
1712,466180439677
1713,466178684651
1714,466204697982
1715,466213352993
1716,466235541451
1717,466238781428
1718,466213978464
1719,466215443051
1720,466224573252
1721,466144464449
1722,466155689995
1723,466127825038
1724,466119593231
1725,466064145522
1726,466076730394
1727,466103693135
1728,466118393049
1729,466103721670
1730,466112962731
1731,466140895351
1732,466104424524
1733,466121958580
1734,466085708503
1735,466046741942
1736,466063291328
1737,466085000877
1738,466136802349
1739,466162679543
1740,466171534448
1741,466156189452
1742,466168235862
1743,466188601804
1744,466192106418
1745,466174383561
1746,466183558388
1747,466183209295
1748,466168214460
1749,466142763634
1750,466132301995
1751,466155876039
1752,466171186232
1753,466135892355
1754,466156120819
1755,466136503913
1756,466170518794
1757,466175975791
1758,466179774778
1759,466096973442
1760,466073728741
1761,466068082742
1762,466099825225
1763,466091765544
1764,466089832650
1765,466115121902
1766,466140485574
1767,466115846180
1768,466141945641
1769,466126398626
1770,466052858294
1771,466071886930
1772,466067464008
1773,466077162187
1774,466113252152
1775,466103424751
1776,466053954811
1777,466028334085
1778,466048287881
1779,466053765667
1780,466112107458
1781,466118201683
1782,466111081413
1783,466112687340
1784,466106312636
1785,466128411168
1786,466118245474
1787,466087515340
1788,466109953040
1789,466101028158
1790,466078567995
1791,466078719237
1792,466058878943
1793,466096586482
1794,466141245677
1795,466189462466
1796,466179810023
1797,466184629606
1798,466176695789
1799,466188239078
1800,466214251098
1801,466240869203
1802,466240149222
1803,466266883667
1804,466254361768
1805,466251904247
1806,466260184358
1807,466274796235
1808,466312614637
1809,466324648772
1810,466320025740
1811,466296415833
1812,466288069649
1813,466285035167
1814,466276927297
1815,466269301656
1816,466296685585
1817,466328003104
1818,466310449066
1819,466272403182
1820,466316800729
1821,466280138429
1822,466260288897
1823,466273241526
1824,466256324818
1825,466215772057
1826,466214543722
1827,466219544196
1828,466219595782
1829,466220736699
1830,466216478526
1831,466206807200
1832,466183743757
1833,466133207965
1834,466105815287
1835,466126496526
1836,466117146025
1837,466118683511
1838,466081201151
1839,466081602923
1840,466052735378
1841,466048792488
1842,466057398746
1843,466042164018
1844,466022816352
1845,466047706246
1846,466075278280
1847,466096142587
1848,466091110027
1849,466093646280
1850,466073251873
1851,466086803102
1852,466089898199
1853,466129071486
1854,466127900967
1855,466144045839
1856,466183118211
1857,466204599138
1858,466201600686
1859,466219402415
1860,466214750090
1861,466221842626
1862,466210183485
1863,466212044185
1864,466210605305
1865,466226354138
1866,466209076320
1867,466179070778
1868,466200623168
1869,466204253392
1870,466190018294
1871,466197302140
1872,466194297960
1873,466171528144
1874,466155811802
1875,466119612672
1876,466117208073
1877,466109910437
1878,466096029631
1879,466107868622
1880,466076561124
1881,466057477847
1882,466099159896
1883,466151231050
1884,466156764475
1885,466152175325
1886,466177172182
1887,466184060218
1888,466211202412
1889,466185550824
1890,466172797807
1891,466191970020
1892,466144685820
1893,466146959804
1894,466112174945
1895,466118649406
1896,466104882679
1897,466122196279
1898,466134503449
1899,466146422494
1900,466130135435
1901,466125518638
1902,466164834497
1903,466165512953
1904,466165355764
1905,466172559171
1906,466171312021
1907,466156854849
1908,466141372388
1909,466170989212
1910,466168959477
1911,466159567982
1912,466184565927
1913,466169119714
1914,466162807258
1915,466143573029
1916,466186677876
1917,466225972951
1918,466227155828
1919,466178114002
1920,466156561145
1921,466159109837
1922,466157089173
1923,466143264483
1924,466112617701
1925,466092911539
1926,466128773029
1927,466127256762
1928,466128158500
1929,466117923782
1930,466108665448
1931,466111254280
1932,466081467568
1933,466084216859
1934,466067293509
1935,466051853011
1936,466030190393
1937,466054908936
1938,466046878130
1939,466031795826
1940,466067558209
1941,466076848491
1942,466109829950
1943,466066571786
1944,466056595056
1945,466038064677
1946,466051303326
1947,466071243533
1948,466115325448
1949,466115366524
1950,466081114202
1951,466068983718
1952,466087638713
1953,466083771792
1954,466071470253
1955,466057611079
1956,466025737492
1957,466010508733
1958,465998635174
1959,465972039682
1960,465999059529
1961,466029253430
1962,466075901315
1963,466086334241
1964,466138555948
1965,466146256064
1966,466125123529
1967,466149838232
1968,466156034571
1969,466187361016
1970,466204727159
1971,466183383749
1972,466206237551
1973,466176780267
1974,466184564273
1975,466206555830
1976,466176117548
1977,466146588051
1978,466145409901
1979,466138641671
1980,466155814052
1981,466124851475
1982,466103875619
1983,466106704844
1984,466114668244
1985,466111578889
1986,466109141458
1987,466125424085
1988,466146556307
1989,466182975655
1990,466200696048
1991,466191459358
1992,466249709259
1993,466228006719
1994,466222371516
1995,466205931334
1996,466180082202
1997,466197339874
1998,466188800870
1999,466213999384
2000,466209439063
466209439063