1,512
2,256
3,597
4,640
5,614
6,768
7,658
8,672
9,597
10,588
11,605
12,576
13,649
14,694
15,699
16,656
17,662
18,625
19,592
20,563
21,560
22,593
23,567
24,586
25,604
26,620
27,635
28,704
29,679
30,657
31,635
32,616
33,636
34,632
35,614
36,618
37,629
38,626
39,610
40,614
41,599
42,603
43,613
44,599
45,585
46,595
47,593
48,592
49,579
50,568
51,567
52,576
53,569
54,568
55,567
56,576
57,565
58,556
59,546
60,546
61,545
62,536
63,544
64,536
65,527
66,519
67,512
68,504
69,497
70,490
71,493
72,494
73,487
74,491
75,484
76,491
77,485
78,479
79,479
80,480
81,483
82,477
83,471
84,472
85,472
86,467
87,470
88,465
89,471
90,483
91,481
92,484
93,487
94,482
95,482
96,488
97,482
98,483
99,478
100,473
101,468
102,464
103,462
104,457
105,453
106,449
107,454
108,455
109,455
110,463
111,463
112,459
113,457
114,462
115,471
116,481
117,487
118,483
119,490
120,499
121,497
122,497
123,493
124,503
125,507
126,503
127,503
128,504
129,506
130,517
131,523
132,519
133,515
134,512
135,512
136,508
137,510
138,506
139,510
140,517
141,513
142,510
143,510
144,513
145,517
146,519
147,525
148,524
149,520
150,518
151,518
152,517
153,522
154,518
155,521
156,518
157,515
158,512
159,508
160,515
161,512
162,523
163,519
164,522
165,529
166,532
167,541
168,540
169,552
170,549
171,550
172,547
173,548
174,545
175,548
176,545
177,542
178,545
179,542
180,540
181,537
182,534
183,531
184,528
185,525
186,528
187,525
188,522
189,520
190,521
191,518
192,516
193,513
194,510
195,508
196,505
197,502
198,502
199,505
200,503
201,504
202,501
203,499
204,496
205,494
206,492
207,489
208,487
209,485
210,487
211,492
212,490
213,487
214,492
215,490
216,493
217,495
218,493
219,490
220,488
221,488
222,486
223,493
224,493
225,491
226,489
227,487
228,486
229,488
230,486
231,484
232,482
233,484
234,489
235,493
236,493
237,493
238,500
239,499
240,497
241,495
242,499
243,497
244,503
245,503
246,504
247,509
248,508
249,508
250,506
251,517
252,517
253,515
254,520
255,521
256,523
257,520
258,518
259,516
260,515
261,513
262,512
263,510
264,510
265,508
266,509
267,511
268,511
269,514
270,514
271,516
272,515
273,515
274,516
275,517
276,523
277,524
278,523
279,523
280,522
281,522
282,521
283,519
284,517
285,515
286,516
287,514
288,512
289,512
290,510
291,512
292,513
293,513
294,512
295,512
296,510
297,508
298,506
299,505
300,506
301,504
302,503
303,505
304,508
305,508
306,508
307,512
308,510
309,508
310,507
311,505
312,507
313,506
314,505
315,506
316,504
317,503
318,503
319,501
320,500
321,503
322,501
323,500
324,501
325,500
326,501
327,500
328,505
329,504
330,507
331,505
332,505
333,507
334,508
335,509
336,508
337,507
338,506
339,506
340,507
341,505
342,504
343,503
344,506
345,509
346,510
347,514
348,513
349,512
350,512
351,512
352,512
353,510
354,510
355,512
356,517
357,517
358,515
359,516
360,519
361,517
362,516
363,514
364,513
365,512
366,512
367,511
368,509
369,508
370,507
371,507
372,510
373,509
374,515
375,514
376,516
377,520
378,522
379,524
380,524
381,524
382,526
383,524
384,523
385,521
386,520
387,521
388,519
389,520
390,519
391,519
392,519
393,520
394,519
395,517
396,522
397,521
398,525
399,524
400,523
401,522
402,523
403,522
404,522
405,522
406,523
407,522
408,525
409,528
410,526
411,528
412,527
413,528
414,528
415,527
416,526
417,525
418,525
419,524
420,526
421,526
422,531
423,531
424,530
425,529
426,528
427,526
428,525
429,524
430,523
431,522
432,523
433,522
434,522
435,520
436,521
437,521
438,522
439,523
440,522
441,524
442,525
443,524
444,524
445,524
446,523
447,523
448,523
449,523
450,522
451,523
452,522
453,521
454,522
455,521
456,519
457,518
458,518
459,520
460,521
461,520
462,519
463,518
464,518
465,517
466,517
467,516
468,515
469,515
470,514
471,514
472,514
473,515
474,516
475,515
476,514
477,516
478,518
479,518
480,517
481,516
482,515
483,518
484,517
485,516
486,518
487,517
488,516
489,517
490,516
491,519
492,521
493,523
494,522
495,521
496,523
497,522
498,524
499,525
500,525
501,526
502,526
503,527
504,526
505,525
506,524
507,523
508,522
509,521
510,520
511,521
512,520
513,519
514,520
515,520
516,519
517,518
518,517
519,516
520,517
521,519
522,521
523,523
524,522
525,523
526,522
527,521
528,524
529,523
530,524
531,524
532,523
533,522
534,521
535,520
536,519
537,522
538,521
539,521
540,521
541,522
542,521
543,520
544,522
545,523
546,522
547,523
548,525
549,526
550,525
551,524
552,523
553,522
554,521
555,520
556,519
557,521
558,520
559,519
560,521
561,520
562,520
563,519
564,519
565,519
566,523
567,522
568,521
569,520
570,520
571,522
572,521
573,520
574,520
575,520
576,520
577,521
578,520
579,519
580,523
581,522
582,521
583,522
584,522
585,524
586,526
587,525
588,524
589,524
590,523
591,522
592,523
593,523
594,524
595,524
596,524
597,524
598,523
599,524
600,523
601,528
602,527
603,528
604,527
605,526
606,525
607,526
608,527
609,526
610,525
611,524
612,524
613,526
614,525
615,524
616,523
617,525
618,524
619,523
620,522
621,524
622,523
623,524
624,525
625,524
626,525
627,525
628,526
629,526
630,525
631,525
632,525
633,524
634,524
635,525
636,525
637,524
638,524
639,524
640,523
641,523
642,522
643,524
644,524
645,526
646,525
647,524
648,523
649,523
650,523
651,522
652,521
653,522
654,524
655,526
656,525
657,524
658,523
659,522
660,522
661,523
662,523
663,523
664,523
665,523
666,523
667,523
668,525
669,525
670,524
671,524
672,526
673,525
674,524
675,525
676,524
677,524
678,523
679,523
680,522
681,522
682,523
683,522
684,522
685,522
686,521
687,521
688,522
689,522
690,522
691,526
692,526
693,526
694,526
695,525
696,524
697,523
698,524
699,524
700,525
701,525
702,525
703,524
704,524
705,527
706,528
707,527
708,527
709,527
710,528
711,527
712,526
713,527
714,526
715,525
716,528
717,530
718,530
719,531
720,531
721,531
722,532
723,533
724,533
725,532
726,532
727,531
728,530
729,531
730,531
731,531
732,531
733,531
734,531
735,530
736,530
737,530
738,530
739,531
740,532
741,531
742,530
743,530
744,530
745,529
746,528
747,531
748,531
749,530
750,532
751,531
752,533
753,534
754,536
755,535
756,536
757,536
758,535
759,534
760,535
761,535
762,538
763,539
764,538
765,538
766,537
767,536
768,537
769,536
770,535
771,534
772,536
773,536
774,537
775,536
776,536
777,537
778,537
779,539
780,538
781,537
782,537
783,537
784,537
785,536
786,537
787,536
788,537
789,536
790,535
791,535
792,534
793,533
794,536
795,535
796,535
797,534
798,533
799,536
800,536
801,535
802,535
803,536
804,536
805,535
806,535
807,534
808,536
809,536
810,535
811,535
812,535
813,537
814,536
815,536
816,536
817,536
818,537
819,536
820,536
821,535
822,536
823,536
824,536
825,535
826,536
827,535
828,536
829,535
830,535
831,535
832,536
833,535
834,536
835,537
836,537
837,538
838,537
839,540
840,541
841,540
842,539
843,540
844,542
845,543
846,544
847,543
848,543
849,543
850,542
851,542
852,543
853,543
854,542
855,542
856,543
857,543
858,542
859,543
860,542
861,543
862,543
863,542
864,542
865,541
866,541
867,540
868,540
869,539
870,539
871,539
872,540
873,540
874,539
875,539
876,539
877,538
878,537
879,539
880,538
881,538
882,538
883,538
884,538
885,539
886,540
887,539
888,539
889,539
890,540
891,539
892,540
893,539
894,539
895,539
896,539
897,538
898,541
899,540
900,539
901,539
902,538
903,538
904,538
905,538
906,537
907,537
908,537
909,538
910,538
911,537
912,539
913,538
914,538
915,539
916,540
917,539
918,539
919,539
920,538
921,538
922,538
923,537
924,537
925,538
926,538
927,538
928,538
929,537
930,538
931,539
932,538
933,539
934,539
935,540
936,541
937,540
938,540
939,541
940,540
941,540
942,539
943,539
944,539
945,539
946,540
947,539
948,540
949,540
950,539
951,539
952,538
953,538
954,537
955,538
956,537
957,537
958,537
959,536
960,536
961,535
962,535
963,535
964,534
965,534
966,533
967,533
968,533
969,532
970,532
971,532
972,532
973,532
974,532
975,531
976,532
977,532
978,532
979,531
980,531
981,531
982,530
983,530
984,529
985,529
986,529
987,529
988,529
989,529
990,528
991,532
992,532
993,532
994,532
995,533
996,533
997,533
998,532
999,532
1000,531
1001,531
1002,531
1003,531
1004,531
1005,531
1006,531
1007,530
1008,530
1009,530
1010,530
1011,531
1012,531
1013,531
1014,531
1015,532
1016,531
1017,532
1018,532
1019,533
1020,533
1021,534
1022,533
1023,533
1024,533
1025,532
1026,533
1027,534
1028,534
1029,533
1030,533
1031,533
1032,533
1033,533
1034,533
1035,533
1036,533
1037,533
1038,532
1039,533
1040,533
1041,534
1042,534
1043,534
1044,534
1045,533
1046,533
1047,533
1048,533
1049,533
1050,533
1051,532
1052,532
1053,532
1054,532
1055,534
1056,534
1057,533
1058,534
1059,535
1060,536
1061,536
1062,538
1063,537
1064,537
1065,537
1066,537
1067,537
1068,538
1069,537
1070,537
1071,536
1072,536
1073,535
1074,535
1075,534
1076,535
1077,535
1078,536
1079,536
1080,536
1081,537
1082,537
1083,537
1084,536
1085,536
1086,536
1087,536
1088,535
1089,536
1090,535
1091,536
1092,536
1093,535
1094,535
1095,535
1096,535
1097,535
1098,534
1099,534
1100,533
1101,533
1102,532
1103,533
1104,533
1105,533
1106,533
1107,532
1108,532
1109,533
1110,534
1111,535
1112,535
1113,535
1114,535
1115,535
1116,536
1117,536
1118,535
1119,535
1120,535
1121,534
1122,534
1123,534
1124,534
1125,535
1126,534
1127,535
1128,536
1129,537
1130,538
1131,538
1132,539
1133,539
1134,540
1135,540
1136,540
1137,539
1138,540
1139,540
1140,540
1141,539
1142,540
1143,539
1144,539
1145,539
1146,539
1147,540
1148,540
1149,541
1150,540
1151,540
1152,540
1153,539
1154,539
1155,539
1156,538
1157,538
1158,538
1159,540
1160,540
1161,539
1162,539
1163,539
1164,539
1165,539
1166,539
1167,539
1168,540
1169,539
1170,539
1171,538
1172,539
1173,539
1174,538
1175,538
1176,538
1177,538
1178,537
1179,537
1180,537
1181,537
1182,537
1183,537
1184,536
1185,536
1186,537
1187,538
1188,537
1189,537
1190,537
1191,537
1192,537
1193,537
1194,536
1195,536
1196,537
1197,536
1198,537
1199,536
1200,536
1201,536
1202,535
1203,535
1204,534
1205,535
1206,534
1207,534
1208,534
1209,534
1210,533
1211,533
1212,533
1213,534
1214,534
1215,535
1216,536
1217,536
1218,536
1219,536
1220,536
1221,536
1222,537
1223,536
1224,536
1225,535
1226,536
1227,535
1228,535
1229,535
1230,534
1231,534
1232,534
1233,534
1234,533
1235,533
1236,532
1237,532
1238,532
1239,532
1240,531
1241,532
1242,531
1243,531
1244,531
1245,530
1246,531
1247,531
1248,531
1249,531
1250,530
1251,530
1252,529
1253,529
1254,529
1255,528
1256,528
1257,528
1258,528
1259,528
1260,528
1261,528
1262,528
1263,528
1264,527
1265,527
1266,527
1267,526
1268,526
1269,526
1270,526
1271,525
1272,526
1273,526
1274,526
1275,526
1276,526
1277,526
1278,526
1279,526
1280,526
1281,526
1282,526
1283,526
1284,525
1285,525
1286,525
1287,525
1288,525
1289,525
1290,525
1291,525
1292,525
1293,525
1294,524
1295,524
1296,524
1297,525
1298,524
1299,525
1300,524
1301,524
1302,525
1303,524
1304,524
1305,525
1306,525
1307,528
1308,528
1309,528
1310,529
1311,528
1312,528
1313,528
1314,529
1315,530
1316,530
1317,530
1318,530
1319,531
1320,531
1321,530
1322,530
1323,530
1324,530
1325,530
1326,530
1327,530
1328,530
1329,529
1330,529
1331,529
1332,528
1333,529
1334,529
1335,529
1336,528
1337,528
1338,527
1339,527
1340,528
1341,528
1342,527
1343,528
1344,527
1345,527
1346,527
1347,528
1348,528
1349,527
1350,528
1351,528
1352,528
1353,528
1354,528
1355,528
1356,528
1357,528
1358,528
1359,528
1360,527
1361,527
1362,527
1363,527
1364,527
1365,527
1366,526
1367,526
1368,526
1369,527
1370,526
1371,526
1372,526
1373,527
1374,527
1375,527
1376,526
1377,527
1378,527
1379,527
1380,527
1381,528
1382,528
1383,529
1384,529
1385,530
1386,530
1387,529
1388,529
1389,529
1390,529
1391,529
1392,530
1393,529
1394,529
1395,529
1396,529
1397,529
1398,529
1399,529
1400,531
1401,531
1402,531
1403,532
1404,531
1405,531
1406,531
1407,531
1408,530
1409,530
1410,532
1411,531
1412,531
1413,531
1414,531
1415,532
1416,532
1417,532
1418,531
1419,533
1420,533
1421,532
1422,532
1423,531
1424,533
1425,532
1426,534
1427,534
1428,534
1429,534
1430,534
1431,534
1432,534
1433,534
1434,535
1435,536
1436,536
1437,535
1438,535
1439,535
1440,536
1441,536
1442,537
1443,537
1444,537
1445,536
1446,536
1447,536
1448,536
1449,536
1450,537
1451,536
1452,537
1453,537
1454,537
1455,536
1456,537
1457,538
1458,538
1459,539
1460,539
1461,539
1462,539
1463,539
1464,538
1465,539
1466,539
1467,539
1468,539
1469,539
1470,539
1471,540
1472,539
1473,539
1474,539
1475,539
1476,538
1477,538
1478,538
1479,539
1480,538
1481,538
1482,539
1483,539
1484,538
1485,538
1486,538
1487,537
1488,537
1489,536
1490,536
1491,537
1492,537
1493,536
1494,536
1495,536
1496,536
1497,537
1498,536
1499,536
1500,536
1501,536
1502,536
1503,536
1504,536
1505,535
1506,536
1507,536
1508,536
1509,536
1510,535
1511,536
1512,536
1513,537
1514,536
1515,537
1516,537
1517,537
1518,538
1519,538
1520,537
1521,538
1522,537
1523,537
1524,537
1525,537
1526,536
1527,536
1528,536
1529,536
1530,537
1531,537
1532,537
1533,538
1534,537
1535,537
1536,537
1537,537
1538,537
1539,537
1540,536
1541,537
1542,537
1543,536
1544,536
1545,536
1546,537
1547,537
1548,537
1549,537
1550,538
1551,538
1552,538
1553,538
1554,539
1555,538
1556,538
1557,538
1558,538
1559,538
1560,538
1561,538
1562,538
1563,538
1564,538
1565,538
1566,538
1567,538
1568,538
1569,537
1570,537
1571,537
1572,538
1573,537
1574,537
1575,537
1576,537
1577,537
1578,537
1579,537
1580,536
1581,536
1582,536
1583,536
1584,536
1585,536
1586,536
1587,537
1588,537
1589,536
1590,536
1591,536
1592,537
1593,537
1594,536
1595,536
1596,536
1597,536
1598,536
1599,536
1600,536
1601,536
1602,535
1603,535
1604,535
1605,536
1606,535
1607,535
1608,535
1609,536
1610,536
1611,535
1612,535
1613,535
1614,535
1615,535
1616,535
1617,534
1618,534
1619,534
1620,535
1621,535
1622,535
1623,535
1624,534
1625,534
1626,534
1627,534
1628,534
1629,535
1630,534
1631,535
1632,534
1633,535
1634,534
1635,534
1636,535
1637,536
1638,536
1639,536
1640,536
1641,537
1642,537
1643,537
1644,537
1645,537
1646,536
1647,536
1648,536
1649,535
1650,535
1651,535
1652,535
1653,535
1654,535
1655,535
1656,536
1657,537
1658,536
1659,536
1660,536
1661,536
1662,536
1663,536
1664,536
1665,536
1666,537
1667,537
1668,536
1669,536
1670,536
1671,535
1672,535
1673,536
1674,535
1675,535
1676,535
1677,534
1678,534
1679,534
1680,533
1681,534
1682,534
1683,534
1684,534
1685,534
1686,534
1687,535
1688,535
1689,535
1690,535
1691,536
1692,536
1693,537
1694,537
1695,537
1696,536
1697,536
1698,536
1699,536
1700,536
1701,535
1702,535
1703,535
1704,535
1705,535
1706,535
1707,535
1708,535
1709,535
1710,536
1711,536
1712,536
1713,536
1714,536
1715,536
1716,536
1717,536
1718,536
1719,536
1720,536
1721,536
1722,536
1723,537
1724,537
1725,536
1726,536
1727,537
1728,537
1729,538
1730,537
1731,537
1732,537
1733,537
1734,537
1735,537
1736,536
1737,536
1738,536
1739,536
1740,535
1741,536
1742,536
1743,535
1744,535
1745,535
1746,535
1747,535
1748,534
1749,535
1750,534
1751,534
1752,534
1753,534
1754,534
1755,534
1756,535
1757,535
1758,535
1759,535
1760,534
1761,534
1762,534
1763,534
1764,535
1765,535
1766,534
1767,535
1768,535
1769,535
1770,535
1771,535
1772,535
1773,535
1774,535
1775,535
1776,535
1777,535
1778,535
1779,535
1780,535
1781,535
1782,535
1783,534
1784,534
1785,534
1786,533
1787,533
1788,533
1789,533
1790,533
1791,533
1792,533
1793,534
1794,535
1795,534
1796,534
1797,534
1798,534
1799,534
1800,534
1801,534
1802,533
1803,533
1804,533
1805,533
1806,532
1807,532
1808,532
1809,532
1810,532
1811,532
1812,531
1813,531
1814,531
1815,531
1816,531
1817,530
1818,530
1819,531
1820,531
1821,531
1822,531
1823,531
1824,530
1825,530
1826,530
1827,530
1828,530
1829,530
1830,530
1831,529
1832,531
1833,530
1834,530
1835,530
1836,530
1837,530
1838,530
1839,530
1840,529
1841,529
1842,529
1843,529
1844,529
1845,529
1846,529
1847,530
1848,530
1849,530
1850,530
1851,529
1852,529
1853,529
1854,529
1855,529
1856,529
1857,529
1858,529
1859,528
1860,529
1861,530
1862,530
1863,530
1864,529
1865,529
1866,529
1867,529
1868,530
1869,530
1870,530
1871,530
1872,531
1873,530
1874,530
1875,531
1876,532
1877,531
1878,532
1879,532
1880,532
1881,531
1882,532
1883,531
1884,531
1885,531
1886,532
1887,532
1888,532
1889,532
1890,532
1891,532
1892,532
1893,532
1894,532
1895,532
1896,531
1897,531
1898,531
1899,531
1900,531
1901,531
1902,531
1903,531
1904,531
1905,531
1906,531
1907,530
1908,530
1909,531
1910,530
1911,531
1912,531
1913,530
1914,530
1915,530
1916,531
1917,531
1918,531
1919,530
1920,531
1921,531
1922,531
1923,531
1924,531
1925,531
1926,531
1927,531
1928,531
1929,531
1930,531
1931,530
1932,530
1933,530
1934,530
1935,530
1936,530
1937,530
1938,530
1939,529
1940,530
1941,529
1942,530
1943,530
1944,530
1945,530
1946,530
1947,530
1948,530
1949,529
1950,529
1951,530
1952,529
1953,529
1954,529
1955,529
1956,529
1957,528
1958,528
1959,528
1960,528
1961,528
1962,528
1963,528
1964,528
1965,528
1966,528
1967,528
1968,528
1969,529
1970,529
1971,529
1972,530
1973,531
1974,533
1975,533
1976,533
1977,533
1978,533
1979,534
1980,534
1981,534
1982,534
1983,533
1984,534
1985,534
1986,534
1987,533
1988,534
1989,534
1990,534
1991,534
1992,534
1993,533
1994,534
1995,534
1996,534
1997,534
1998,534
1999,534
2000,534
534