n,time_avg,time_sdev,cycles_avg,cycles_sdev,cache-misses_avg,cache-misses_sdev,branch-misses_avg,branch-misses_sdev
10,493578477,3541219.054,2248914059,14874779.56,82289.11,11991.39608,14992158.93,92122.79024
20,2156571646,7875699.802,9870770686,36099253.09,93052.24,7480.00319,47296575.33,439555.2832
40,8436971622,31767110.4,38666869055,144655427.8,94623.02,7525.286614,90605201.62,2167250.85
80,33201053021,286551991.8,152209572340,1319833873,109655.18,9242.81373,268078061.1,10331104.36
160,132968567681,955008924.9,609680178077,4386951484,133213.51,21308.21379,970183510.3,38054920.78





